,Condition_1,Condition_1_prime_1,Condition_1_prime_2,Condition_1_prime_3,Condition_1_prime_4,Condition_1_prime_5,Condition_1_prime_6,Condition_1_prime_7,Condition_1_prime_8,Condition_1_prime_9,Condition_1_prime_10,Condition_2,Condition_2_prime_1,Condition_2_prime_2,Condition_2_prime_3,Condition_2_prime_4,Condition_2_prime_5,Condition_2_prime_6,Condition_2_prime_7,Condition_2_prime_8,Condition_2_prime_9,Condition_2_prime_10,Condition_3,Condition_3_prime_1,Condition_3_prime_2,Condition_3_prime_3,Condition_3_prime_4,Condition_3_prime_5,Condition_3_prime_6,Condition_3_prime_7,Condition_3_prime_8,Condition_3_prime_9,Condition_3_prime_10,Condition_4,Condition_4_prime_1,Condition_4_prime_2,Condition_4_prime_3,Condition_4_prime_4,Condition_4_prime_5,Condition_4_prime_6,Condition_4_prime_7,Condition_4_prime_8,Condition_4_prime_9,Condition_4_prime_10,Condition_5,Condition_5_prime_1,Condition_5_prime_2,Condition_5_prime_3,Condition_5_prime_4,Condition_5_prime_5,Condition_5_prime_6,Condition_5_prime_7,Condition_5_prime_8,Condition_5_prime_9,Condition_5_prime_10,Condition_6,Condition_6_prime_1,Condition_6_prime_2,Condition_6_prime_3,Condition_6_prime_4,Condition_6_prime_5,Condition_6_prime_6,Condition_6_prime_7,Condition_6_prime_8,Condition_6_prime_9,Condition_6_prime_10,Condition_7,Condition_7_prime_1,Condition_7_prime_2,Condition_7_prime_3,Condition_7_prime_4,Condition_7_prime_5,Condition_7_prime_6,Condition_7_prime_7,Condition_7_prime_8,Condition_7_prime_9,Condition_7_prime_10,Condition_8,Condition_8_prime_1,Condition_8_prime_2,Condition_8_prime_3,Condition_8_prime_4,Condition_8_prime_5,Condition_8_prime_6,Condition_8_prime_7,Condition_8_prime_8,Condition_8_prime_9,Condition_8_prime_10,Condition_9,Condition_9_prime_1,Condition_9_prime_2,Condition_9_prime_3,Condition_9_prime_4,Condition_9_prime_5,Condition_9_prime_6,Condition_9_prime_7,Condition_9_prime_8,Condition_9_prime_9,Condition_9_prime_10,Condition_10,Condition_10_prime_1,Condition_10_prime_2,Condition_10_prime_3,Condition_10_prime_4,Condition_10_prime_5,Condition_10_prime_6,Condition_10_prime_7,Condition_10_prime_8,Condition_10_prime_9,Condition_10_prime_10
Condition_1,1.0,0.6904,0.9333,0.8087,0.9,0.9003,0.8927,0.8076,0.922,1.0,0.9973,0.8842,0.7561,0.82,0.6986,0.7908,0.7988,0.8841,0.8742,0.8842,0.8742,0.895,0.3586,0.3586,0.3586,0.2806,0.3586,0.3586,0.3586,0.3586,0.3559,0.2645,0.3578,0.4669,0.4669,0.4669,0.389,0.4669,0.4461,0.4669,0.4669,0.4669,0.4461,0.4669,0.7412,0.6412,0.5623,0.6224,0.6765,0.6512,0.7412,0.7192,0.6149,0.7009,0.7414,0.7697,0.6539,0.7037,0.5824,0.6946,0.6892,0.7694,0.7036,0.803,0.7906,0.7423,0.8522,0.7522,0.8218,0.6532,0.8455,0.8013,0.8522,0.7532,0.7715,0.8514,0.8495,0.7845,0.6845,0.7689,0.6298,0.7722,0.7055,0.7376,0.7397,0.8351,0.7993,0.7527,0.5577,0.3617,0.3808,0.4618,0.5577,0.4444,0.5369,0.5577,0.5577,0.4398,0.4606,0.5084,0.4113,0.3308,0.5084,0.4417,0.5084,0.5084,0.5084,0.4304,0.403,0.4113
Condition_1_prime_1,0.6904,1.0,0.6831,0.6068,0.5961,0.6016,0.7753,0.6153,0.6831,0.6904,0.6877,0.5895,0.6616,0.5522,0.5988,0.5081,0.5142,0.589,0.6693,0.5895,0.5714,0.5963,0.3377,0.3377,0.3377,0.2444,0.3377,0.3377,0.3377,0.3377,0.3293,0.236,0.335,0.4887,0.5887,0.4887,0.3955,0.4887,0.4584,0.4887,0.4887,0.4887,0.4584,0.4887,0.4507,0.5507,0.4036,0.3421,0.3962,0.3709,0.4507,0.4285,0.4546,0.5036,0.4509,0.478,0.5603,0.4171,0.4846,0.4137,0.4076,0.4776,0.5149,0.5481,0.4983,0.5426,0.6608,0.6924,0.6066,0.6369,0.5888,0.5584,0.6574,0.6764,0.5745,0.6581,0.6338,0.4934,0.5934,0.4772,0.3387,0.4913,0.4249,0.636,0.4423,0.542,0.5075,0.553,0.4869,0.6285,0.3936,0.3487,0.4869,0.3196,0.4565,0.4869,0.4869,0.4565,0.4869,0.4252,0.4252,0.3292,0.4252,0.3381,0.4252,0.4252,0.4252,0.3319,0.4043,0.4252
Condition_1_prime_2,0.9333,0.6831,1.0,0.7545,0.9,0.8461,0.8875,0.8613,0.9219,0.9333,0.9306,0.8305,0.7019,0.8605,0.6444,0.7491,0.7576,0.8299,0.808,0.8304,0.8082,0.8408,0.39,0.39,0.39,0.312,0.39,0.39,0.39,0.39,0.3851,0.2953,0.3886,0.4434,0.4434,0.4434,0.3654,0.4434,0.4131,0.4434,0.4434,0.4434,0.4131,0.4434,0.687,0.587,0.5748,0.5807,0.6348,0.597,0.687,0.6525,0.5607,0.6341,0.6872,0.7155,0.5997,0.7168,0.5282,0.6529,0.6476,0.7152,0.7168,0.7733,0.737,0.6756,0.8393,0.7097,0.7976,0.6326,0.8326,0.7738,0.8393,0.7403,0.7564,0.8378,0.8324,0.7428,0.6428,0.7147,0.6298,0.7305,0.6752,0.6709,0.7397,0.7683,0.7576,0.6985,0.5342,0.3381,0.3572,0.4903,0.5342,0.4716,0.5039,0.5342,0.5342,0.4068,0.4371,0.4766,0.3796,0.2983,0.4766,0.4766,0.4766,0.4766,0.4766,0.3987,0.366,0.3796
Condition_1_prime_3,0.8087,0.6068,0.7545,1.0,0.7352,0.7896,0.806,0.6462,0.742,0.8087,0.8087,0.7842,0.6621,0.6501,0.8839,0.6959,0.7025,0.7842,0.8032,0.7842,0.7035,0.7842,0.2153,0.2153,0.2153,0.1486,0.2153,0.2153,0.2153,0.2153,0.2139,0.1216,0.2149,0.2973,0.2973,0.2973,0.2306,0.2973,0.289,0.2973,0.2973,0.2973,0.289,0.2973,0.6441,0.5441,0.5385,0.5291,0.5832,0.5579,0.6441,0.5971,0.4789,0.5675,0.6444,0.6716,0.5604,0.5571,0.7648,0.601,0.5949,0.6716,0.5589,0.6435,0.6918,0.6075,0.6736,0.5763,0.6528,0.7649,0.6695,0.6381,0.6736,0.6736,0.6055,0.6733,0.6733,0.6873,0.5873,0.6717,0.5326,0.6789,0.6122,0.6013,0.6282,0.7126,0.702,0.655,0.3881,0.291,0.3213,0.3228,0.3881,0.3171,0.3797,0.3881,0.3881,0.2826,0.291,0.3489,0.3298,0.2818,0.3489,0.2947,0.3489,0.3489,0.3489,0.2822,0.2491,0.2518
Condition_1_prime_4,0.9,0.5961,0.9,0.7352,1.0,0.8458,0.7946,0.7745,0.8333,0.9,0.8973,0.83,0.7019,0.7878,0.625,0.8491,0.7571,0.8299,0.7772,0.83,0.7745,0.8408,0.3391,0.3391,0.3391,0.2724,0.3391,0.3391,0.3391,0.3391,0.3364,0.2514,0.3384,0.3808,0.3808,0.3808,0.314,0.3808,0.3599,0.3808,0.3808,0.3808,0.3599,0.3808,0.6867,0.5867,0.538,0.5804,0.6348,0.5967,0.6867,0.6522,0.5252,0.6136,0.687,0.7152,0.5997,0.6774,0.5152,0.7529,0.6472,0.7149,0.6831,0.7205,0.7361,0.6551,0.7585,0.6652,0.7281,0.5614,0.8585,0.7141,0.7585,0.6614,0.689,0.7577,0.7558,0.7425,0.6426,0.7145,0.6295,0.7305,0.6749,0.6415,0.7338,0.7681,0.7573,0.6983,0.465,0.2747,0.3013,0.4359,0.465,0.4185,0.4442,0.465,0.465,0.3509,0.3718,0.4158,0.3225,0.2513,0.4158,0.4157,0.4158,0.4158,0.4158,0.349,0.3141,0.3225
Condition_1_prime_5,0.9003,0.6016,0.8461,0.7896,0.8458,1.0,0.7983,0.7298,0.8335,0.9003,0.9003,0.8839,0.7561,0.7394,0.6795,0.7906,0.7985,0.8839,0.7955,0.8839,0.7929,0.8926,0.3134,0.3134,0.3134,0.2467,0.3134,0.3134,0.3134,0.3134,0.312,0.2261,0.3131,0.3981,0.3981,0.3981,0.3314,0.3981,0.3846,0.3981,0.3981,0.3981,0.3846,0.3981,0.7412,0.6412,0.5258,0.6224,0.6765,0.6512,0.7412,0.6942,0.5669,0.6556,0.7414,0.7694,0.6539,0.644,0.5696,0.6946,0.6889,0.7694,0.6497,0.7392,0.7903,0.697,0.7714,0.6779,0.7506,0.5744,0.7712,0.7397,0.7714,0.6744,0.7033,0.7711,0.7711,0.7845,0.6845,0.7689,0.6298,0.7722,0.7055,0.6834,0.7215,0.81,0.7993,0.7527,0.4824,0.2921,0.3186,0.4098,0.4824,0.3952,0.4689,0.4824,0.4824,0.3756,0.3891,0.4433,0.35,0.2791,0.4433,0.389,0.4433,0.4433,0.4433,0.3765,0.3451,0.35
Condition_1_prime_6,0.8927,0.7753,0.8875,0.806,0.7946,0.7983,1.0,0.7732,0.8874,0.8927,0.89,0.7876,0.6628,0.7616,0.6986,0.6975,0.706,0.7871,0.8747,0.7875,0.7759,0.7979,0.2937,0.2937,0.2937,0.2068,0.2937,0.2937,0.2937,0.2937,0.2854,0.1952,0.2923,0.4269,0.4269,0.4269,0.3399,0.4269,0.3966,0.4269,0.4269,0.4269,0.3966,0.4269,0.6441,0.5441,0.592,0.5291,0.5832,0.5579,0.6441,0.6221,0.555,0.6038,0.6444,0.6727,0.5606,0.6178,0.5824,0.6013,0.596,0.6723,0.6197,0.7523,0.6942,0.6453,0.8287,0.6975,0.787,0.7142,0.7887,0.7351,0.8287,0.8306,0.7334,0.8273,0.8132,0.6873,0.5873,0.6715,0.5327,0.6788,0.6121,0.638,0.6404,0.7373,0.7019,0.6557,0.5221,0.4231,0.4351,0.4138,0.5221,0.3763,0.4917,0.5221,0.5221,0.3928,0.4231,0.468,0.369,0.3796,0.468,0.39,0.468,0.468,0.468,0.381,0.369,0.369
Condition_1_prime_7,0.8076,0.6153,0.8613,0.6462,0.7745,0.7298,0.7732,1.0,0.7833,0.8076,0.8049,0.7196,0.5995,0.7326,0.5388,0.6438,0.6467,0.7191,0.6897,0.7196,0.7904,0.7226,0.4041,0.4041,0.4041,0.3171,0.4041,0.4041,0.4041,0.4041,0.3906,0.3043,0.4014,0.4494,0.4494,0.4494,0.3624,0.4494,0.4494,0.4494,0.4494,0.4494,0.4494,0.4494,0.5868,0.4869,0.5019,0.4807,0.5349,0.4969,0.5868,0.5511,0.5752,0.5338,0.5869,0.6121,0.4991,0.6068,0.4267,0.5514,0.5441,0.6118,0.6058,0.6561,0.6307,0.5693,0.7652,0.5994,0.7164,0.5397,0.6947,0.6685,0.7617,0.6647,0.67,0.7627,0.734,0.6413,0.5413,0.6119,0.5297,0.6293,0.5745,0.5658,0.6378,0.6632,0.6548,0.593,0.5446,0.3459,0.3579,0.5237,0.5446,0.4779,0.5495,0.5446,0.5446,0.4456,0.4456,0.4882,0.3893,0.2988,0.4882,0.4882,0.4882,0.4882,0.4882,0.4013,0.3684,0.3893
Condition_1_prime_8,0.922,0.6831,0.9219,0.742,0.8333,0.8335,0.8874,0.7833,1.0,0.922,0.9193,0.8179,0.6894,0.7825,0.6318,0.7366,0.745,0.8174,0.7966,0.8179,0.7969,0.8282,0.312,0.312,0.312,0.312,0.312,0.312,0.312,0.312,0.3072,0.2173,0.3106,0.4435,0.4435,0.4435,0.4435,0.4435,0.4131,0.4435,0.4435,0.4435,0.4131,0.4435,0.6744,0.5745,0.4969,0.6224,0.6223,0.5845,0.6744,0.7192,0.5607,0.6229,0.6747,0.703,0.5871,0.6388,0.5157,0.6404,0.635,0.7027,0.6387,0.8512,0.7245,0.6643,0.8393,0.7096,0.7976,0.6327,0.8213,0.7625,0.8393,0.7402,0.8344,0.8378,0.8323,0.7303,0.6303,0.7689,0.5881,0.718,0.6638,0.6597,0.673,0.8351,0.7451,0.686,0.5342,0.3382,0.4353,0.4124,0.5342,0.3937,0.5039,0.5342,0.5342,0.4068,0.4371,0.4767,0.3796,0.3763,0.4767,0.3987,0.4767,0.4767,0.4767,0.4767,0.3661,0.3796
Condition_1_prime_9,1.0,0.6904,0.9333,0.8087,0.9,0.9003,0.8927,0.8076,0.922,1.0,0.9973,0.8842,0.7561,0.82,0.6986,0.7908,0.7988,0.8841,0.8742,0.8842,0.8742,0.895,0.3586,0.3586,0.3586,0.2806,0.3586,0.3586,0.3586,0.3586,0.3559,0.2645,0.3578,0.4669,0.4669,0.4669,0.389,0.4669,0.4461,0.4669,0.4669,0.4669,0.4461,0.4669,0.7412,0.6412,0.5623,0.6224,0.6765,0.6512,0.7412,0.7192,0.6149,0.7009,0.7414,0.7697,0.6539,0.7037,0.5824,0.6946,0.6892,0.7694,0.7036,0.803,0.7906,0.7423,0.8522,0.7522,0.8218,0.6532,0.8455,0.8013,0.8522,0.7532,0.7715,0.8514,0.8495,0.7845,0.6845,0.7689,0.6298,0.7722,0.7055,0.7376,0.7397,0.8351,0.7993,0.7527,0.5577,0.3617,0.3808,0.4618,0.5577,0.4444,0.5369,0.5577,0.5577,0.4398,0.4606,0.5084,0.4113,0.3308,0.5084,0.4417,0.5084,0.5084,0.5084,0.4304,0.403,0.4113
Condition_1_prime_10,0.9973,0.6877,0.9306,0.8087,0.8973,0.9003,0.89,0.8049,0.9193,0.9973,1.0,0.8839,0.7561,0.8197,0.6985,0.7906,0.7985,0.8839,0.8739,0.8839,0.8739,0.8948,0.3562,0.3562,0.3562,0.2782,0.3562,0.3562,0.3562,0.3562,0.3547,0.2625,0.3558,0.4669,0.4669,0.4669,0.3889,0.4669,0.4461,0.4669,0.4669,0.4669,0.4461,0.4669,0.7412,0.6412,0.5623,0.6224,0.6765,0.6512,0.7412,0.7192,0.6149,0.7009,0.7414,0.7694,0.6539,0.7033,0.5824,0.6946,0.6889,0.7694,0.7033,0.8027,0.7903,0.7423,0.8496,0.7496,0.8193,0.6507,0.8429,0.8001,0.8496,0.7507,0.7702,0.8493,0.8493,0.7845,0.6845,0.7689,0.6298,0.7722,0.7055,0.7376,0.7397,0.8351,0.7993,0.7531,0.5577,0.3617,0.3808,0.4618,0.5577,0.4444,0.5369,0.5577,0.5577,0.4398,0.4606,0.506,0.4089,0.3287,0.506,0.4393,0.506,0.506,0.506,0.428,0.4006,0.4089
Condition_2,0.8842,0.5895,0.8305,0.7842,0.83,0.8839,0.7876,0.7196,0.8179,0.8842,0.8839,1.0,0.8649,0.8468,0.7932,0.9,0.901,0.9986,0.9029,0.9999,0.9003,0.985,0.3008,0.3008,0.3008,0.2341,0.3008,0.3008,0.3008,0.3008,0.3008,0.2138,0.3008,0.3881,0.3881,0.3881,0.3214,0.3881,0.3797,0.3881,0.3881,0.3881,0.3797,0.3881,0.7409,0.6409,0.5254,0.6221,0.6765,0.6509,0.7409,0.6939,0.5669,0.6553,0.7412,0.7695,0.6539,0.6445,0.5694,0.6946,0.689,0.7691,0.6502,0.731,0.7908,0.6968,0.7553,0.662,0.7344,0.5582,0.7553,0.725,0.7553,0.6582,0.6886,0.7553,0.7553,0.7841,0.6841,0.7684,0.6295,0.7721,0.7051,0.6826,0.721,0.8092,0.7987,0.7526,0.4724,0.282,0.3086,0.4098,0.4724,0.3851,0.464,0.4724,0.4724,0.3707,0.3791,0.4307,0.3374,0.2669,0.4307,0.3765,0.4307,0.4307,0.4307,0.364,0.3374,0.3374
Condition_2_prime_1,0.7561,0.6616,0.7019,0.6621,0.7019,0.7561,0.6628,0.5995,0.6894,0.7561,0.7561,0.8649,1.0,0.7136,0.6718,0.8082,0.7998,0.8649,0.7716,0.8648,0.7659,0.8565,0.2914,0.3266,0.2914,0.2247,0.2914,0.2914,0.2914,0.2914,0.2914,0.2044,0.2914,0.3672,0.5023,0.3672,0.3053,0.3672,0.3645,0.3672,0.3672,0.3672,0.3645,0.3672,0.6409,0.6412,0.4217,0.539,0.5885,0.563,0.6409,0.5939,0.561,0.6486,0.6412,0.6691,0.7859,0.5178,0.4735,0.6066,0.6006,0.6691,0.6149,0.6024,0.6691,0.6691,0.6273,0.7624,0.6137,0.4342,0.6273,0.6064,0.6273,0.534,0.5605,0.6273,0.6273,0.6841,0.6844,0.6685,0.5314,0.6841,0.6172,0.6559,0.604,0.6891,0.6988,0.7352,0.3582,0.3648,0.1982,0.3013,0.3582,0.2824,0.3555,0.3582,0.3582,0.3555,0.3582,0.3165,0.3165,0.1565,0.3165,0.2623,0.3165,0.3165,0.3165,0.2498,0.3165,0.3165
Condition_2_prime_2,0.82,0.5522,0.8605,0.6501,0.7878,0.7394,0.7616,0.7326,0.7825,0.82,0.8197,0.8468,0.7136,1.0,0.6591,0.7613,0.7623,0.8454,0.8316,0.8468,0.8336,0.8427,0.3578,0.3578,0.3578,0.2798,0.3578,0.3578,0.3578,0.3578,0.3578,0.2645,0.3578,0.4204,0.4204,0.4206,0.3425,0.4204,0.3996,0.4204,0.4204,0.4204,0.3996,0.4204,0.5877,0.4878,0.5745,0.4833,0.5377,0.4996,0.5877,0.5532,0.4609,0.5349,0.588,0.6163,0.5026,0.7181,0.429,0.5559,0.5502,0.616,0.6176,0.676,0.6379,0.5764,0.7005,0.5973,0.6588,0.4974,0.6946,0.6406,0.7003,0.6013,0.6225,0.7005,0.6998,0.6434,0.5435,0.6152,0.6295,0.6333,0.5777,0.5704,0.7392,0.6686,0.6581,0.5994,0.5112,0.3152,0.3343,0.4904,0.5112,0.4487,0.4904,0.5112,0.5112,0.3933,0.4141,0.4445,0.3474,0.2676,0.4445,0.4444,0.4445,0.4445,0.4445,0.3665,0.3474,0.3474
Condition_2_prime_3,0.6986,0.5988,0.6444,0.8839,0.625,0.6795,0.6986,0.5388,0.6318,0.6986,0.6985,0.7932,0.6718,0.6591,1.0,0.7056,0.698,0.7932,0.8123,0.7932,0.7126,0.7796,0.2066,0.2066,0.2066,0.1399,0.2066,0.2066,0.2066,0.2066,0.2066,0.1133,0.2066,0.2918,0.2918,0.2918,0.2251,0.2918,0.287,0.2918,0.2918,0.2918,0.287,0.2918,0.5441,0.5441,0.4385,0.4291,0.4833,0.4579,0.5441,0.4971,0.3788,0.4675,0.5444,0.5723,0.4606,0.4521,0.7653,0.5013,0.4956,0.5723,0.454,0.5386,0.5925,0.5082,0.5634,0.4661,0.5426,0.7495,0.5594,0.5293,0.5634,0.5634,0.4967,0.5634,0.5634,0.5873,0.5873,0.5716,0.4327,0.5789,0.5121,0.601,0.528,0.6124,0.6019,0.5558,0.3826,0.2855,0.3159,0.3235,0.3826,0.3057,0.3777,0.3826,0.3826,0.2807,0.2855,0.3409,0.3218,0.2742,0.3409,0.2867,0.3409,0.3409,0.3409,0.2742,0.2438,0.2438
Condition_2_prime_4,0.7908,0.5081,0.7491,0.6959,0.8491,0.7906,0.6975,0.6438,0.7366,0.7908,0.7906,0.9,0.8082,0.7613,0.7056,1.0,0.8917,0.9,0.8068,0.9,0.8011,0.8917,0.2607,0.2607,0.2607,0.2065,0.2607,0.2607,0.2607,0.2607,0.2607,0.1827,0.2607,0.3247,0.3247,0.3247,0.2704,0.3247,0.3198,0.3247,0.3247,0.3247,0.3198,0.3247,0.6803,0.5805,0.4735,0.6211,0.6755,0.6135,0.6803,0.6458,0.5133,0.601,0.6805,0.7087,0.6052,0.5741,0.5128,0.7936,0.6879,0.7085,0.5842,0.6586,0.7129,0.6257,0.6822,0.5952,0.6686,0.4891,0.7821,0.6613,0.6822,0.5889,0.628,0.6822,0.6822,0.7711,0.6714,0.7316,0.6184,0.7711,0.7042,0.6027,0.649,0.7354,0.7858,0.6819,0.4004,0.2201,0.2529,0.3538,0.4004,0.3364,0.3955,0.4004,0.4004,0.3085,0.3134,0.3701,0.2831,0.2226,0.3701,0.3284,0.3701,0.3701,0.3701,0.3159,0.2831,0.2831
Condition_2_prime_5,0.7988,0.5142,0.7576,0.7025,0.7571,0.7985,0.706,0.6467,0.745,0.7988,0.7985,0.901,0.7998,0.7623,0.698,0.8917,1.0,0.8996,0.8077,0.901,0.8013,0.8996,0.2641,0.2641,0.2641,0.2099,0.2641,0.2641,0.2641,0.2641,0.2641,0.1862,0.2641,0.3294,0.3294,0.3294,0.2752,0.3294,0.3211,0.3294,0.3294,0.3294,0.3211,0.3294,0.6812,0.5813,0.4745,0.6221,0.6765,0.6145,0.6812,0.6467,0.5135,0.602,0.6815,0.7098,0.6062,0.5825,0.5135,0.6946,0.689,0.7095,0.5926,0.6671,0.7144,0.6267,0.6902,0.6033,0.6767,0.4969,0.6902,0.6694,0.6902,0.5969,0.636,0.6902,0.6902,0.7721,0.6722,0.7325,0.6194,0.7721,0.7051,0.6035,0.65,0.7363,0.7868,0.6829,0.4051,0.2249,0.2577,0.3551,0.4051,0.3399,0.3968,0.4051,0.4051,0.3098,0.3182,0.3748,0.2879,0.2273,0.3748,0.3331,0.3748,0.3748,0.3748,0.3206,0.2879,0.2879
Condition_2_prime_6,0.8841,0.589,0.8299,0.7842,0.8299,0.8839,0.7871,0.7191,0.8174,0.8841,0.8839,0.9986,0.8649,0.8454,0.7932,0.9,0.8996,1.0,0.9015,0.9985,0.8988,0.985,0.3008,0.3008,0.3008,0.2341,0.3008,0.3008,0.3008,0.3008,0.3008,0.2138,0.3008,0.3881,0.3881,0.3881,0.3214,0.3881,0.3797,0.3881,0.3881,0.3881,0.3797,0.3881,0.7409,0.6409,0.5254,0.6221,0.6765,0.6509,0.7409,0.6939,0.5669,0.6553,0.7412,0.7693,0.6539,0.644,0.5694,0.6946,0.6888,0.7695,0.6496,0.7304,0.7902,0.6968,0.7551,0.6618,0.7343,0.5581,0.7551,0.7248,0.7565,0.658,0.6884,0.7551,0.7551,0.7841,0.6841,0.7684,0.6295,0.7721,0.7051,0.6826,0.721,0.8092,0.7987,0.7526,0.4724,0.282,0.3086,0.4098,0.4724,0.3851,0.464,0.4724,0.4724,0.3707,0.3791,0.4307,0.3374,0.2669,0.4307,0.3764,0.4307,0.4307,0.4307,0.3639,0.3374,0.3374
Condition_2_prime_7,0.8742,0.6693,0.808,0.8032,0.7772,0.7955,0.8747,0.6897,0.7966,0.8742,0.8739,0.9029,0.7716,0.8316,0.8123,0.8068,0.8077,0.9015,1.0,0.9029,0.8976,0.8988,0.239,0.239,0.239,0.1611,0.239,0.239,0.239,0.239,0.239,0.1457,0.239,0.3524,0.3524,0.3524,0.2771,0.3524,0.3388,0.3524,0.3524,0.3524,0.3388,0.3524,0.6438,0.5439,0.562,0.5315,0.5832,0.5576,0.6438,0.6218,0.5151,0.6035,0.6441,0.6724,0.5606,0.6049,0.5822,0.6013,0.5957,0.6721,0.6067,0.7034,0.6937,0.645,0.7265,0.6294,0.6961,0.6264,0.7227,0.681,0.7265,0.7264,0.6485,0.7265,0.7265,0.687,0.5871,0.6713,0.5324,0.6788,0.6119,0.6371,0.6402,0.7372,0.7017,0.6555,0.4431,0.346,0.3651,0.3628,0.4431,0.3298,0.4296,0.4431,0.4431,0.3325,0.346,0.3889,0.2919,0.3109,0.3889,0.3222,0.3889,0.3889,0.3889,0.3109,0.2919,0.2919
Condition_2_prime_8,0.8842,0.5895,0.8304,0.7842,0.83,0.8839,0.7875,0.7196,0.8179,0.8842,0.8839,0.9999,0.8648,0.8468,0.7932,0.9,0.901,0.9985,0.9029,1.0,0.9003,0.985,0.3008,0.3008,0.3008,0.2341,0.3008,0.3008,0.3008,0.3008,0.3008,0.2138,0.3008,0.3881,0.3881,0.3881,0.3214,0.3881,0.3798,0.3881,0.3881,0.3881,0.3798,0.3881,0.7409,0.6409,0.5254,0.6221,0.6765,0.6509,0.7409,0.6939,0.5669,0.6553,0.7412,0.7694,0.6539,0.6445,0.5694,0.6946,0.6889,0.7691,0.6501,0.731,0.7908,0.6967,0.7553,0.6619,0.7344,0.5582,0.7553,0.7249,0.7553,0.6581,0.6886,0.7553,0.7552,0.7841,0.6841,0.7684,0.6295,0.7721,0.7051,0.6826,0.721,0.8092,0.7987,0.7526,0.4724,0.2821,0.3086,0.4099,0.4724,0.3852,0.4641,0.4724,0.4724,0.3708,0.3791,0.4308,0.3375,0.267,0.4308,0.3765,0.4308,0.4308,0.4308,0.364,0.3375,0.3375
Condition_2_prime_9,0.8742,0.5714,0.8082,0.7035,0.7745,0.7929,0.7759,0.7904,0.7969,0.8742,0.8739,0.9003,0.7659,0.8336,0.7126,0.8011,0.8013,0.8988,0.8976,0.9003,1.0,0.8961,0.338,0.338,0.338,0.26,0.338,0.338,0.338,0.338,0.338,0.2447,0.338,0.4514,0.4514,0.4514,0.3734,0.4514,0.4378,0.4514,0.4514,0.4514,0.4378,0.4514,0.6412,0.5412,0.4623,0.5224,0.5768,0.5512,0.6412,0.6192,0.6148,0.6009,0.6414,0.6698,0.5542,0.6052,0.4825,0.5949,0.5893,0.6694,0.6044,0.7045,0.6914,0.6423,0.7268,0.6269,0.6965,0.5277,0.7204,0.6787,0.7268,0.6278,0.6488,0.7268,0.7267,0.6844,0.5844,0.6687,0.5298,0.6724,0.6054,0.6371,0.6395,0.7345,0.699,0.6528,0.5421,0.3461,0.3652,0.4619,0.5421,0.4288,0.5286,0.5421,0.5421,0.4315,0.4451,0.488,0.3909,0.311,0.488,0.4212,0.488,0.488,0.488,0.41,0.3909,0.3909
Condition_2_prime_10,0.895,0.5963,0.8408,0.7842,0.8408,0.8926,0.7979,0.7226,0.8282,0.895,0.8948,0.985,0.8565,0.8427,0.7796,0.8917,0.8996,0.985,0.8988,0.985,0.8961,1.0,0.306,0.306,0.306,0.2393,0.3087,0.306,0.306,0.306,0.306,0.219,0.306,0.3954,0.3954,0.3954,0.3287,0.3954,0.3819,0.3954,0.3954,0.3954,0.3819,0.3954,0.7409,0.6409,0.5254,0.6221,0.6765,0.6509,0.7409,0.6939,0.5669,0.6553,0.7412,0.7693,0.6539,0.644,0.5694,0.6946,0.6888,0.7691,0.6496,0.7413,0.7902,0.6968,0.766,0.6727,0.7451,0.5689,0.766,0.7356,0.766,0.6689,0.6992,0.766,0.766,0.7841,0.6841,0.7684,0.6295,0.7721,0.7051,0.6826,0.721,0.8092,0.7987,0.7526,0.4797,0.2894,0.3159,0.412,0.4797,0.3903,0.4662,0.4797,0.4797,0.3729,0.3864,0.438,0.3447,0.2742,0.438,0.3838,0.438,0.438,0.438,0.3713,0.3447,0.3447
Condition_3,0.3586,0.3377,0.39,0.2153,0.3391,0.3134,0.2937,0.4041,0.312,0.3586,0.3562,0.3008,0.2914,0.3578,0.2066,0.2607,0.2641,0.3008,0.239,0.3008,0.338,0.306,1.0,0.718,0.9951,0.7062,0.8973,0.8882,0.9088,0.8375,0.9129,0.8121,0.7519,0.6136,0.5011,0.5965,0.4272,0.5582,0.5212,0.5962,0.5689,0.6132,0.547,0.5965,0.2057,0.2057,0.1665,0.1236,0.178,0.2019,0.2057,0.1527,0.2534,0.2296,0.2058,0.2082,0.2024,0.252,0.1098,0.1792,0.1805,0.2082,0.2501,0.1793,0.2104,0.2341,0.2651,0.2183,0.2987,0.1359,0.2283,0.2523,0.2613,0.1812,0.2082,0.2632,0.2321,0.2612,0.2612,0.2198,0.2471,0.2574,0.2233,0.33,0.3121,0.2439,0.2626,0.2973,0.4585,0.3627,0.3028,0.2939,0.4057,0.4776,0.3911,0.4294,0.4585,0.4046,0.4755,0.5153,0.4522,0.4127,0.3373,0.517,0.4503,0.485,0.438,0.4811,0.5475,0.4388
Condition_3_prime_1,0.3586,0.3377,0.39,0.2153,0.3391,0.3134,0.2937,0.4041,0.312,0.3586,0.3562,0.3008,0.3266,0.3578,0.2066,0.2607,0.2641,0.3008,0.239,0.3008,0.338,0.306,0.718,1.0,0.7179,0.619,0.718,0.718,0.7172,0.7179,0.6637,0.583,0.6819,0.5596,0.6563,0.5592,0.5142,0.5422,0.4772,0.5589,0.5589,0.5592,0.4816,0.5592,0.2057,0.2057,0.1665,0.1779,0.178,0.2019,0.2057,0.1527,0.2534,0.2296,0.2058,0.2082,0.2355,0.252,0.1098,0.1792,0.1805,0.2082,0.2501,0.1793,0.2104,0.2341,0.2651,0.3153,0.2987,0.1359,0.2283,0.2523,0.2613,0.1812,0.2082,0.2632,0.2321,0.2612,0.2612,0.2198,0.2471,0.2574,0.2233,0.33,0.3121,0.2439,0.2626,0.2973,0.4425,0.3474,0.2474,0.2853,0.4057,0.4406,0.3638,0.4293,0.4425,0.3676,0.4457,0.495,0.5523,0.2762,0.3373,0.4967,0.4503,0.4647,0.4289,0.3996,0.4379,0.4178
Condition_3_prime_2,0.3586,0.3377,0.39,0.2153,0.3391,0.3134,0.2937,0.4041,0.312,0.3586,0.3562,0.3008,0.2914,0.3578,0.2066,0.2607,0.2641,0.3008,0.239,0.3008,0.338,0.306,0.9951,0.7179,1.0,0.7059,0.8966,0.8881,0.9081,0.8374,0.9079,0.8072,0.7492,0.6136,0.5011,0.5965,0.4272,0.5582,0.5212,0.5962,0.5689,0.6132,0.547,0.5965,0.2057,0.2057,0.1665,0.1236,0.178,0.2019,0.2057,0.1527,0.2534,0.2296,0.2058,0.2082,0.2024,0.252,0.1098,0.1792,0.1805,0.2082,0.2501,0.1793,0.2104,0.2341,0.2651,0.2183,0.2987,0.1359,0.2283,0.2523,0.2613,0.1812,0.2082,0.2632,0.2321,0.2612,0.2612,0.2198,0.2471,0.2574,0.2233,0.33,0.3121,0.2439,0.2626,0.2973,0.4585,0.3627,0.3028,0.2939,0.4057,0.4776,0.3911,0.4294,0.4585,0.4046,0.4755,0.5153,0.4522,0.4127,0.3373,0.517,0.4503,0.485,0.438,0.4811,0.5475,0.4388
Condition_3_prime_3,0.2806,0.2444,0.312,0.1486,0.2724,0.2467,0.2068,0.3171,0.312,0.2806,0.2782,0.2341,0.2247,0.2798,0.1399,0.2065,0.2099,0.2341,0.1611,0.2341,0.26,0.2393,0.7062,0.619,0.7059,1.0,0.7062,0.7043,0.7014,0.7052,0.6395,0.5565,0.6276,0.4916,0.4022,0.4912,0.4272,0.4467,0.4004,0.491,0.4689,0.4912,0.4046,0.4912,0.1389,0.1389,0.0795,0.1236,0.1238,0.1352,0.1389,0.1527,0.1664,0.1516,0.1391,0.1415,0.1357,0.174,0.0431,0.125,0.1263,0.1415,0.1721,0.1793,0.1436,0.1562,0.1782,0.1313,0.2117,0.0489,0.1503,0.1743,0.1743,0.1296,0.2082,0.1762,0.1451,0.207,0.207,0.2198,0.2054,0.2032,0.1816,0.2521,0.2454,0.2439,0.2084,0.2306,0.347,0.2505,0.2731,0.1954,0.3086,0.368,0.2796,0.3304,0.347,0.2834,0.3705,0.4163,0.3533,0.3396,0.244,0.4199,0.3532,0.386,0.339,0.4658,0.3938,0.3391
Condition_3_prime_4,0.3586,0.3377,0.39,0.2153,0.3391,0.3134,0.2937,0.4041,0.312,0.3586,0.3562,0.3008,0.2914,0.3578,0.2066,0.2607,0.2641,0.3008,0.239,0.3008,0.338,0.3087,0.8973,0.718,0.8966,0.7062,1.0,0.8882,0.8868,0.8308,0.8193,0.7298,0.746,0.6053,0.5011,0.5954,0.4272,0.5509,0.5139,0.5951,0.5679,0.6049,0.5273,0.5954,0.2057,0.2057,0.1665,0.1236,0.178,0.2019,0.2057,0.1527,0.2534,0.2296,0.2058,0.2082,0.2024,0.252,0.1098,0.1792,0.1805,0.2082,0.2501,0.1793,0.2104,0.2341,0.2651,0.2183,0.2987,0.1359,0.2283,0.2523,0.2613,0.1812,0.2082,0.2632,0.2321,0.2612,0.2612,0.2198,0.2471,0.2574,0.2233,0.33,0.3121,0.2439,0.2626,0.2973,0.4512,0.3546,0.2936,0.2939,0.4057,0.4703,0.3837,0.4293,0.4512,0.3965,0.4747,0.5152,0.4522,0.3901,0.3373,0.517,0.4503,0.485,0.4379,0.4811,0.5467,0.438
Condition_3_prime_5,0.3586,0.3377,0.39,0.2153,0.3391,0.3134,0.2937,0.4041,0.312,0.3586,0.3562,0.3008,0.2914,0.3578,0.2066,0.2607,0.2641,0.3008,0.239,0.3008,0.338,0.306,0.8882,0.718,0.8881,0.7043,0.8882,1.0,0.8846,0.8295,0.8103,0.7208,0.7417,0.6053,0.5011,0.5954,0.4272,0.5509,0.5139,0.5951,0.5679,0.6049,0.5273,0.5954,0.2057,0.2057,0.1665,0.1236,0.178,0.2019,0.2057,0.1527,0.2534,0.2296,0.2058,0.2082,0.2024,0.252,0.1098,0.1792,0.1812,0.2082,0.2501,0.1793,0.2104,0.2341,0.2651,0.2183,0.2987,0.1359,0.2283,0.253,0.2613,0.1812,0.2082,0.2632,0.2321,0.2612,0.2612,0.2198,0.2471,0.2574,0.2233,0.33,0.3121,0.2439,0.2626,0.2973,0.4512,0.3546,0.2923,0.2939,0.4057,0.4703,0.3837,0.4293,0.4512,0.3965,0.4747,0.5152,0.4522,0.3901,0.3373,0.517,0.4503,0.485,0.4379,0.4811,0.5467,0.438
Condition_3_prime_6,0.3586,0.3377,0.39,0.2153,0.3391,0.3134,0.2937,0.4041,0.312,0.3586,0.3562,0.3008,0.2914,0.3578,0.2066,0.2607,0.2641,0.3008,0.239,0.3008,0.338,0.306,0.9088,0.7172,0.9081,0.7014,0.8868,0.8846,1.0,0.8326,0.8218,0.7411,0.7432,0.6056,0.5011,0.5961,0.4271,0.5502,0.5138,0.5961,0.5689,0.6056,0.5276,0.5961,0.2057,0.2057,0.1665,0.1236,0.178,0.2019,0.2057,0.1535,0.2534,0.2296,0.2058,0.2082,0.2024,0.252,0.1098,0.1792,0.1805,0.2082,0.2501,0.1793,0.2104,0.2341,0.2651,0.2183,0.2987,0.1359,0.2283,0.2523,0.2613,0.1812,0.2082,0.2632,0.2321,0.2612,0.2612,0.2198,0.2471,0.2574,0.2233,0.33,0.3121,0.2439,0.2626,0.2973,0.4505,0.355,0.2928,0.2941,0.4049,0.4688,0.3838,0.4293,0.4505,0.3973,0.4753,0.5153,0.4522,0.4001,0.3373,0.517,0.4503,0.485,0.438,0.4811,0.5475,0.4388
Condition_3_prime_7,0.3586,0.3377,0.39,0.2153,0.3391,0.3134,0.2937,0.4041,0.312,0.3586,0.3562,0.3008,0.2914,0.3578,0.2066,0.2607,0.2641,0.3008,0.239,0.3008,0.338,0.306,0.8375,0.7179,0.8374,0.7052,0.8308,0.8295,0.8326,1.0,0.7595,0.6875,0.7445,0.5916,0.5011,0.5912,0.4272,0.5457,0.4993,0.591,0.5689,0.5912,0.5136,0.5912,0.2057,0.2057,0.1665,0.1236,0.178,0.2019,0.2057,0.1527,0.2534,0.2296,0.2058,0.2082,0.2024,0.252,0.1098,0.1792,0.1805,0.2082,0.2501,0.1793,0.2104,0.2341,0.2651,0.2183,0.2987,0.1359,0.2283,0.2523,0.2613,0.1812,0.2082,0.2632,0.2321,0.2612,0.2612,0.2198,0.2471,0.2574,0.2233,0.33,0.3121,0.2439,0.2626,0.2973,0.446,0.3502,0.2903,0.2887,0.4057,0.4651,0.3786,0.4294,0.446,0.3921,0.4703,0.5153,0.4522,0.37,0.3373,0.517,0.4503,0.485,0.438,0.4811,0.5112,0.4388
Condition_3_prime_8,0.3559,0.3293,0.3851,0.2139,0.3364,0.312,0.2854,0.3906,0.3072,0.3559,0.3547,0.3008,0.2914,0.3578,0.2066,0.2607,0.2641,0.3008,0.239,0.3008,0.338,0.306,0.9129,0.6637,0.9079,0.6395,0.8193,0.8103,0.8218,0.7595,1.0,0.7705,0.6976,0.6136,0.5011,0.5965,0.4272,0.5582,0.5212,0.5962,0.5689,0.6132,0.5565,0.5965,0.2057,0.2057,0.1665,0.1236,0.178,0.2019,0.2057,0.1527,0.2534,0.2296,0.2058,0.2082,0.2024,0.252,0.1098,0.1792,0.1805,0.2082,0.2501,0.1793,0.2104,0.2341,0.2568,0.2156,0.2852,0.1332,0.2234,0.2523,0.253,0.1728,0.2082,0.2548,0.2307,0.2612,0.2612,0.2198,0.2471,0.2574,0.2233,0.33,0.3121,0.2439,0.2626,0.2973,0.4585,0.3627,0.3123,0.2939,0.4057,0.487,0.3911,0.4294,0.4585,0.4141,0.4755,0.4611,0.4105,0.3347,0.3164,0.4628,0.4086,0.4308,0.3963,0.4144,0.4696,0.4085
Condition_3_prime_9,0.2645,0.236,0.2953,0.1216,0.2514,0.2261,0.1952,0.3043,0.2173,0.2645,0.2625,0.2138,0.2044,0.2645,0.1133,0.1827,0.1862,0.2138,0.1457,0.2138,0.2447,0.219,0.8121,0.583,0.8072,0.5565,0.7298,0.7208,0.7411,0.6875,0.7705,1.0,0.6516,0.4928,0.3965,0.4829,0.3226,0.4376,0.4007,0.4827,0.4641,0.4924,0.4262,0.4829,0.2057,0.2057,0.1665,0.1236,0.178,0.2019,0.2057,0.1527,0.2534,0.2296,0.2058,0.2082,0.2024,0.252,0.1098,0.1792,0.1805,0.2082,0.2501,0.1792,0.2104,0.2341,0.2624,0.2175,0.2938,0.1352,0.2269,0.2474,0.2599,0.1798,0.1998,0.2632,0.2321,0.1832,0.1832,0.1418,0.1691,0.1794,0.1566,0.2367,0.2251,0.1569,0.1847,0.2104,0.4377,0.3418,0.2819,0.2804,0.4057,0.4567,0.3702,0.4245,0.4377,0.3838,0.4619,0.4835,0.4307,0.4043,0.3288,0.484,0.4288,0.4634,0.4243,0.4367,0.4885,0.4249
Condition_3_prime_10,0.3578,0.335,0.3886,0.2149,0.3384,0.3131,0.2923,0.4014,0.3106,0.3578,0.3558,0.3008,0.2914,0.3578,0.2066,0.2607,0.2641,0.3008,0.239,0.3008,0.338,0.306,0.7519,0.6819,0.7492,0.6276,0.746,0.7417,0.7432,0.7445,0.6976,0.6516,1.0,0.5826,0.4962,0.5826,0.4222,0.5366,0.4908,0.5826,0.564,0.5826,0.5046,0.5826,0.2057,0.2057,0.1665,0.1236,0.178,0.2019,0.2057,0.1527,0.2534,0.2296,0.2058,0.2082,0.2024,0.252,0.1098,0.1792,0.1805,0.2082,0.2501,0.1792,0.2104,0.2341,0.2624,0.2175,0.2938,0.1352,0.2269,0.2474,0.2599,0.1798,0.1998,0.2632,0.2348,0.2612,0.2612,0.2198,0.2471,0.2574,0.2233,0.33,0.3121,0.2439,0.2626,0.2973,0.4369,0.3415,0.346,0.2802,0.4049,0.4553,0.3702,0.4244,0.4369,0.3838,0.4618,0.4835,0.4307,0.3215,0.3288,0.484,0.4288,0.4634,0.4243,0.4117,0.4283,0.5599
Condition_4,0.4669,0.4887,0.4434,0.2973,0.3808,0.3981,0.4269,0.4494,0.4435,0.4669,0.4669,0.3881,0.3672,0.4204,0.2918,0.3247,0.3294,0.3881,0.3524,0.3881,0.4514,0.3954,0.6136,0.5596,0.6136,0.4916,0.6053,0.6053,0.6056,0.5916,0.6136,0.4928,0.5826,1.0,0.7449,0.9458,0.6814,0.9,0.8861,0.9382,0.872,0.9864,0.9129,0.9458,0.2682,0.2682,0.1968,0.1702,0.2246,0.2644,0.2682,0.2403,0.3523,0.3099,0.2684,0.284,0.2703,0.2965,0.1851,0.2349,0.223,0.284,0.2946,0.3167,0.2964,0.3326,0.4069,0.3503,0.4364,0.2805,0.3483,0.3183,0.4068,0.3469,0.3702,0.4072,0.3829,0.3165,0.3165,0.295,0.2607,0.3127,0.262,0.4274,0.3424,0.3413,0.3253,0.3523,0.8003,0.7047,0.6651,0.483,0.7011,0.6042,0.7329,0.6949,0.7867,0.7771,0.7993,0.6417,0.6003,0.501,0.4881,0.5348,0.5882,0.6331,0.6038,0.5575,0.5974,0.6305
Condition_4_prime_1,0.4669,0.5887,0.4434,0.2973,0.3808,0.3981,0.4269,0.4494,0.4435,0.4669,0.4669,0.3881,0.5023,0.4204,0.2918,0.3247,0.3294,0.3881,0.3524,0.3881,0.4514,0.3954,0.5011,0.6563,0.5011,0.4022,0.5011,0.5011,0.5011,0.5011,0.5011,0.3965,0.4962,0.7449,1.0,0.7449,0.7126,0.7365,0.6907,0.7448,0.7449,0.7449,0.6906,0.7449,0.2682,0.3682,0.1968,0.2244,0.2246,0.2644,0.2682,0.2403,0.3523,0.3099,0.2684,0.284,0.4034,0.2965,0.1851,0.2349,0.223,0.284,0.2946,0.3167,0.2964,0.3326,0.4069,0.5474,0.4364,0.2805,0.3483,0.3183,0.4068,0.3469,0.3702,0.4072,0.3829,0.3165,0.4165,0.295,0.2607,0.3127,0.262,0.4274,0.3424,0.3413,0.3253,0.3523,0.6368,0.6383,0.4375,0.4318,0.6199,0.4295,0.5825,0.6368,0.6366,0.5822,0.6368,0.5209,0.5124,0.3442,0.4881,0.414,0.5065,0.5123,0.5067,0.4348,0.5007,0.507
Condition_4_prime_2,0.4669,0.4887,0.4434,0.2973,0.3808,0.3981,0.4269,0.4494,0.4435,0.4669,0.4669,0.3881,0.3672,0.4206,0.2918,0.3247,0.3294,0.3881,0.3524,0.3881,0.4514,0.3954,0.5965,0.5592,0.5965,0.4912,0.5954,0.5954,0.5961,0.5912,0.5965,0.4829,0.5826,0.9458,0.7449,1.0,0.6814,0.8792,0.8454,0.9382,0.872,0.9458,0.8587,0.9458,0.2682,0.2682,0.1968,0.1702,0.2246,0.2644,0.2682,0.2403,0.3523,0.3099,0.2684,0.284,0.2703,0.2967,0.1851,0.2349,0.223,0.284,0.2946,0.3167,0.2964,0.3326,0.4069,0.3503,0.4364,0.2805,0.3483,0.3183,0.4068,0.3469,0.3702,0.4072,0.3829,0.3165,0.3165,0.295,0.2607,0.3127,0.262,0.4274,0.3424,0.3413,0.3253,0.3523,0.7795,0.6922,0.6226,0.483,0.6877,0.5595,0.7204,0.6949,0.778,0.7349,0.7993,0.6417,0.6003,0.501,0.4881,0.5348,0.5882,0.6331,0.6038,0.5575,0.5974,0.6305
Condition_4_prime_3,0.389,0.3955,0.3654,0.2306,0.314,0.3314,0.3399,0.3624,0.4435,0.389,0.3889,0.3214,0.3053,0.3425,0.2251,0.2704,0.2752,0.3214,0.2771,0.3214,0.3734,0.3287,0.4272,0.5142,0.4272,0.4272,0.4272,0.4272,0.4271,0.4272,0.4272,0.3226,0.4222,0.6814,0.7126,0.6814,1.0,0.673,0.6146,0.6813,0.6814,0.6814,0.6146,0.6814,0.2015,0.2015,0.1098,0.3243,0.1703,0.1977,0.2015,0.2403,0.2653,0.2319,0.2017,0.2173,0.2063,0.2185,0.1183,0.1807,0.1688,0.2173,0.2166,0.3167,0.2297,0.2546,0.3199,0.2937,0.3495,0.1935,0.2703,0.2403,0.3198,0.2536,0.3702,0.3202,0.2959,0.2623,0.2623,0.295,0.219,0.2585,0.2203,0.3494,0.2757,0.3413,0.2711,0.2856,0.5733,0.4733,0.4726,0.34,0.5493,0.3589,0.5065,0.5733,0.5729,0.5058,0.5733,0.456,0.4474,0.3786,0.3948,0.3509,0.4434,0.4474,0.4418,0.4689,0.4233,0.4421
Condition_4_prime_4,0.4669,0.4887,0.4434,0.2973,0.3808,0.3981,0.4269,0.4494,0.4435,0.4669,0.4669,0.3881,0.3672,0.4204,0.2918,0.3247,0.3294,0.3881,0.3524,0.3881,0.4514,0.3954,0.5582,0.5422,0.5582,0.4467,0.5509,0.5509,0.5502,0.5457,0.5582,0.4376,0.5366,0.9,0.7365,0.8792,0.673,1.0,0.8081,0.8716,0.8364,0.8865,0.8218,0.8792,0.2682,0.2682,0.1968,0.1702,0.2246,0.2644,0.2682,0.2403,0.3523,0.3099,0.2684,0.284,0.2703,0.2965,0.1851,0.2349,0.223,0.284,0.2945,0.3167,0.2964,0.3326,0.4069,0.3503,0.4364,0.2805,0.3483,0.3183,0.4068,0.3469,0.3702,0.4072,0.3829,0.3165,0.3165,0.295,0.2607,0.3127,0.262,0.4274,0.3424,0.3413,0.3253,0.3523,0.8002,0.6919,0.5965,0.483,0.7011,0.56,0.7091,0.6949,0.7867,0.7167,0.7537,0.6026,0.594,0.4601,0.4881,0.4957,0.5882,0.594,0.5884,0.5165,0.5669,0.5887
Condition_4_prime_5,0.4461,0.4584,0.4131,0.289,0.3599,0.3846,0.3966,0.4494,0.4131,0.4461,0.4461,0.3797,0.3645,0.3996,0.287,0.3198,0.3211,0.3797,0.3388,0.3798,0.4378,0.3819,0.5212,0.4772,0.5212,0.4004,0.5139,0.5139,0.5138,0.4993,0.5212,0.4007,0.4908,0.8861,0.6907,0.8454,0.6146,0.8081,1.0,0.8382,0.772,0.8861,0.8861,0.8454,0.268,0.2681,0.1954,0.1702,0.2244,0.2643,0.268,0.2389,0.3515,0.3096,0.2681,0.2813,0.2696,0.2881,0.1836,0.2334,0.2203,0.2813,0.2862,0.3032,0.2915,0.3277,0.3652,0.3295,0.3822,0.2502,0.318,0.2766,0.3651,0.2927,0.316,0.3655,0.3526,0.3151,0.3151,0.2923,0.2607,0.3113,0.2613,0.4225,0.3375,0.3364,0.3226,0.3474,0.7084,0.6084,0.5544,0.483,0.6207,0.5034,0.7275,0.6169,0.707,0.7532,0.6995,0.5484,0.516,0.4059,0.4339,0.4415,0.5102,0.5398,0.5104,0.4623,0.5014,0.5345
Condition_4_prime_6,0.4669,0.4887,0.4434,0.2973,0.3808,0.3981,0.4269,0.4494,0.4435,0.4669,0.4669,0.3881,0.3672,0.4204,0.2918,0.3247,0.3294,0.3881,0.3524,0.3881,0.4514,0.3954,0.5962,0.5589,0.5962,0.491,0.5951,0.5951,0.5961,0.591,0.5962,0.4827,0.5826,0.9382,0.7448,0.9382,0.6813,0.8716,0.8382,1.0,0.8719,0.9382,0.8512,0.9382,0.2682,0.2682,0.1968,0.1702,0.2246,0.2644,0.2682,0.2403,0.3523,0.3099,0.2684,0.284,0.2703,0.2965,0.1851,0.2349,0.223,0.284,0.2946,0.3167,0.2964,0.3326,0.4069,0.3503,0.4364,0.2805,0.3483,0.3183,0.4068,0.3469,0.3702,0.4072,0.3829,0.3165,0.3165,0.295,0.2607,0.3127,0.262,0.4274,0.3424,0.3413,0.3253,0.3523,0.7719,0.6846,0.617,0.4757,0.6802,0.552,0.7176,0.6949,0.7716,0.7296,0.7966,0.6417,0.6003,0.501,0.4881,0.5348,0.5882,0.6331,0.6038,0.5575,0.5974,0.6305
Condition_4_prime_7,0.4669,0.4887,0.4434,0.2973,0.3808,0.3981,0.4269,0.4494,0.4435,0.4669,0.4669,0.3881,0.3672,0.4204,0.2918,0.3247,0.3294,0.3881,0.3524,0.3881,0.4514,0.3954,0.5689,0.5589,0.5689,0.4689,0.5679,0.5679,0.5689,0.5689,0.5689,0.4641,0.564,0.872,0.7449,0.872,0.6814,0.8364,0.772,0.8719,1.0,0.872,0.785,0.872,0.2682,0.2682,0.1968,0.1702,0.2246,0.2644,0.2682,0.2403,0.3523,0.3099,0.2684,0.284,0.2703,0.2965,0.1851,0.2349,0.223,0.284,0.2946,0.3167,0.2964,0.3326,0.4069,0.3503,0.4364,0.2805,0.3483,0.3183,0.4068,0.3469,0.3702,0.4072,0.3829,0.3165,0.3165,0.295,0.2607,0.3127,0.262,0.4274,0.3424,0.3413,0.3253,0.3523,0.7367,0.6495,0.558,0.4614,0.6745,0.5055,0.6587,0.6949,0.7364,0.6707,0.7585,0.6179,0.6003,0.4602,0.4881,0.511,0.5882,0.6094,0.6038,0.5338,0.5849,0.6067
Condition_4_prime_8,0.4669,0.4887,0.4434,0.2973,0.3808,0.3981,0.4269,0.4494,0.4435,0.4669,0.4669,0.3881,0.3672,0.4204,0.2918,0.3247,0.3294,0.3881,0.3524,0.3881,0.4514,0.3954,0.6132,0.5592,0.6132,0.4912,0.6049,0.6049,0.6056,0.5912,0.6132,0.4924,0.5826,0.9864,0.7449,0.9458,0.6814,0.8865,0.8861,0.9382,0.872,1.0,0.8994,0.9458,0.2682,0.2682,0.1968,0.1702,0.2246,0.2644,0.2682,0.2403,0.3523,0.3099,0.2684,0.284,0.2703,0.2965,0.1851,0.2349,0.223,0.284,0.2946,0.3167,0.2964,0.3326,0.4069,0.3503,0.4364,0.2805,0.3483,0.3183,0.4068,0.3469,0.3702,0.4072,0.3829,0.3165,0.3165,0.295,0.2607,0.3127,0.262,0.4274,0.3424,0.3413,0.3253,0.3523,0.7868,0.6995,0.6538,0.483,0.6877,0.5907,0.7277,0.6949,0.7853,0.7661,0.7993,0.6417,0.6003,0.501,0.4881,0.5348,0.5882,0.6331,0.6038,0.5575,0.5974,0.6305
Condition_4_prime_9,0.4461,0.4584,0.4131,0.289,0.3599,0.3846,0.3966,0.4494,0.4131,0.4461,0.4461,0.3797,0.3645,0.3996,0.287,0.3198,0.3211,0.3797,0.3388,0.3798,0.4378,0.3819,0.547,0.4816,0.547,0.4046,0.5273,0.5273,0.5276,0.5136,0.5565,0.4262,0.5046,0.9129,0.6906,0.8587,0.6146,0.8218,0.8861,0.8512,0.785,0.8994,1.0,0.8587,0.268,0.2681,0.1954,0.1702,0.2244,0.2643,0.268,0.2389,0.3515,0.3096,0.2681,0.2813,0.2696,0.2881,0.1836,0.2334,0.2203,0.2813,0.2862,0.3032,0.2915,0.3277,0.3652,0.3295,0.3822,0.2502,0.318,0.2766,0.3651,0.2927,0.316,0.3655,0.3526,0.3151,0.3151,0.2923,0.2607,0.3113,0.2613,0.4225,0.3375,0.3364,0.3226,0.3474,0.7221,0.6266,0.615,0.4829,0.6344,0.5588,0.7328,0.6169,0.7086,0.839,0.7122,0.5547,0.5223,0.4343,0.4339,0.4478,0.5102,0.5461,0.5168,0.4908,0.5217,0.5435
Condition_4_prime_10,0.4669,0.4887,0.4434,0.2973,0.3808,0.3981,0.4269,0.4494,0.4435,0.4669,0.4669,0.3881,0.3672,0.4204,0.2918,0.3247,0.3294,0.3881,0.3524,0.3881,0.4514,0.3954,0.5965,0.5592,0.5965,0.4912,0.5954,0.5954,0.5961,0.5912,0.5965,0.4829,0.5826,0.9458,0.7449,0.9458,0.6814,0.8792,0.8454,0.9382,0.872,0.9458,0.8587,1.0,0.2682,0.2682,0.1968,0.1702,0.2246,0.2644,0.2682,0.2403,0.3523,0.3099,0.2684,0.284,0.2703,0.2965,0.1851,0.2349,0.223,0.284,0.2946,0.3167,0.2964,0.3326,0.4069,0.3503,0.4364,0.2805,0.3483,0.3183,0.4068,0.3469,0.3702,0.4072,0.3829,0.3165,0.3165,0.295,0.2607,0.3127,0.262,0.4274,0.3424,0.3413,0.3253,0.3523,0.7795,0.6922,0.6226,0.483,0.6877,0.5595,0.7204,0.6949,0.7781,0.735,0.7993,0.6417,0.6003,0.501,0.4881,0.5348,0.5882,0.6331,0.6038,0.5575,0.5974,0.6305
Condition_5,0.7412,0.4507,0.687,0.6441,0.6867,0.7412,0.6441,0.5868,0.6744,0.7412,0.7412,0.7409,0.6409,0.5877,0.5441,0.6803,0.6812,0.7409,0.6438,0.7409,0.6412,0.7409,0.2057,0.2057,0.2057,0.1389,0.2057,0.2057,0.2057,0.2057,0.2057,0.2057,0.2057,0.2682,0.2682,0.2682,0.2015,0.2682,0.268,0.2682,0.2682,0.2682,0.268,0.2682,1.0,0.9,0.7498,0.8459,0.9,0.901,1.0,0.9022,0.8068,0.9067,0.9993,0.96,0.8505,0.8068,0.7629,0.8808,0.8735,0.96,0.8125,0.7632,0.9296,0.8667,0.6995,0.6059,0.6968,0.5024,0.6992,0.6911,0.6995,0.6024,0.6327,0.6995,0.7043,0.9029,0.8029,0.882,0.7488,0.8029,0.8287,0.7667,0.8068,0.8063,0.882,0.8584,0.4395,0.2491,0.2757,0.3851,0.4395,0.3769,0.4393,0.4395,0.4395,0.346,0.3462,0.3978,0.3045,0.234,0.3978,0.3436,0.3978,0.3978,0.3978,0.3311,0.3045,0.3045
Condition_5_prime_1,0.6412,0.5507,0.587,0.5441,0.5867,0.6412,0.5441,0.4869,0.5745,0.6412,0.6412,0.6409,0.6412,0.4878,0.5441,0.5805,0.5813,0.6409,0.5439,0.6409,0.5412,0.6409,0.2057,0.2057,0.2057,0.1389,0.2057,0.2057,0.2057,0.2057,0.2057,0.2057,0.2057,0.2682,0.3682,0.2682,0.2015,0.2682,0.2681,0.2682,0.2682,0.2682,0.2681,0.2682,0.9,1.0,0.6498,0.7459,0.8,0.801,0.9,0.8022,0.7068,0.8067,0.8993,0.86,0.8505,0.7068,0.7629,0.7809,0.7735,0.86,0.7125,0.6632,0.8296,0.7667,0.5995,0.606,0.5968,0.5024,0.5993,0.5911,0.5995,0.5024,0.5328,0.5995,0.6044,0.8029,0.9029,0.782,0.6488,0.7029,0.7287,0.7667,0.7068,0.7063,0.782,0.7584,0.4395,0.3491,0.2757,0.3851,0.4395,0.3769,0.4393,0.4395,0.4395,0.346,0.3462,0.3978,0.3045,0.234,0.3978,0.3436,0.3978,0.3978,0.3978,0.3311,0.3045,0.3045
Condition_5_prime_2,0.5623,0.4036,0.5748,0.5385,0.538,0.5258,0.592,0.5019,0.4969,0.5623,0.5623,0.5254,0.4217,0.5745,0.4385,0.4735,0.4745,0.5254,0.562,0.5254,0.4623,0.5254,0.1665,0.1665,0.1665,0.0795,0.1665,0.1665,0.1665,0.1665,0.1665,0.1665,0.1665,0.1968,0.1968,0.1968,0.1098,0.1968,0.1954,0.1968,0.1968,0.1968,0.1954,0.1968,0.7498,0.6498,1.0,0.6138,0.6679,0.6565,0.7498,0.7365,0.7231,0.7372,0.7497,0.7443,0.6222,0.833,0.6634,0.6674,0.6635,0.7443,0.736,0.6011,0.7235,0.7109,0.5234,0.4261,0.5099,0.4253,0.5041,0.474,0.5234,0.5253,0.4364,0.5234,0.5443,0.6841,0.5841,0.6667,0.6681,0.5898,0.6136,0.6151,0.7881,0.6244,0.6793,0.6368,0.3891,0.2901,0.3021,0.3876,0.3891,0.3587,0.3876,0.3891,0.3891,0.2887,0.2901,0.3111,0.2121,0.2241,0.3111,0.3111,0.3111,0.3111,0.3111,0.2241,0.2121,0.2121
Condition_5_prime_3,0.6224,0.3421,0.5807,0.5291,0.5804,0.6224,0.5291,0.4807,0.6224,0.6224,0.6224,0.6221,0.539,0.4833,0.4291,0.6211,0.6221,0.6221,0.5315,0.6221,0.5224,0.6221,0.1236,0.1779,0.1236,0.1236,0.1236,0.1236,0.1236,0.1236,0.1236,0.1236,0.1236,0.1702,0.2244,0.1702,0.3243,0.1702,0.1702,0.1702,0.1702,0.1702,0.1702,0.1702,0.8459,0.7459,0.6138,1.0,0.8456,0.7792,0.8459,0.8247,0.659,0.7589,0.8456,0.821,0.7364,0.6822,0.6277,0.8207,0.8161,0.821,0.6923,0.7011,0.8001,0.734,0.5921,0.5351,0.5906,0.3988,0.5918,0.5872,0.5921,0.4988,0.5921,0.5921,0.5948,0.821,0.721,0.821,0.6822,0.7427,0.7803,0.634,0.6822,0.743,0.8001,0.7291,0.3239,0.1436,0.2306,0.2822,0.3239,0.2773,0.3239,0.3239,0.3239,0.2369,0.2369,0.2936,0.2066,0.2003,0.2936,0.2519,0.2936,0.2936,0.2936,0.2936,0.2066,0.2066
