Transition matrix of replicates of experiment 1

[[0.30231999 0.27136291 0.15057308 0.0926974  0.18304662]
 [0.15867173 0.30712817 0.11885181 0.1867525  0.22859579]
 [0.29591687 0.16445682 0.09183943 0.2462857  0.20150118]
 [0.06497509 0.23596546 0.25491001 0.21015012 0.23399932]
 [0.10021104 0.23581418 0.29042148 0.2210004  0.1525529 ]]
======================================================================
Transition matrix of replicates of experiment 2

[[0.05383017 0.33950629 0.30599004 0.10218798 0.19848552]
 [0.2234035  0.32385104 0.3920068  0.04664956 0.0140891 ]
 [0.33723248 0.17462216 0.30758116 0.0008498  0.1797144 ]
 [0.25517841 0.08090359 0.33430256 0.31879704 0.01081839]
 [0.01209513 0.25734842 0.44640374 0.18119699 0.10295572]]
======================================================================
Transition matrix of replicates of experiment 3

[[0.331866   0.3290172  0.01963055 0.02946142 0.29002483]
 [0.25147759 0.22884383 0.10528882 0.20704836 0.20734139]
 [0.25415599 0.06925959 0.18832848 0.1720884  0.31616755]
 [0.31073672 0.29654828 0.16997634 0.13895236 0.0837863 ]
 [0.02928431 0.02237213 0.37896595 0.25960214 0.30977547]]
======================================================================
