{
 "cells": [
  {
   "cell_type": "code",
   "execution_count": 1,
   "id": "3e7b203f",
   "metadata": {},
   "outputs": [],
   "source": [
    "# Implementation of original r\n",
    "import sys\n",
    "sys.path.insert(0, 'src/')\n",
    "import rbo\n",
    "\n",
    "# Test with different weight function. For ex: stats distributions, integrable function on R+\n",
    "\n",
    "# Change the weight function into discontinous step funct (step=5 for ex) \n",
    "# Personalisable param\n",
    "\n",
    "#import test_rbo"
   ]
  },
  {
   "cell_type": "code",
   "execution_count": 2,
   "id": "80dc61ae",
   "metadata": {},
   "outputs": [
    {
     "name": "stdout",
     "output_type": "stream",
     "text": [
      "[array([[0.30231999, 0.27136291, 0.15057308, 0.0926974 , 0.18304662],\n",
      "       [0.15867173, 0.30712817, 0.11885181, 0.1867525 , 0.22859579],\n",
      "       [0.29591687, 0.16445682, 0.09183943, 0.2462857 , 0.20150118],\n",
      "       [0.06497509, 0.23596546, 0.25491001, 0.21015012, 0.23399932],\n",
      "       [0.10021104, 0.23581418, 0.29042148, 0.2210004 , 0.1525529 ]]), array([[0.05383017, 0.33950629, 0.30599004, 0.10218798, 0.19848552],\n",
      "       [0.2234035 , 0.32385104, 0.3920068 , 0.04664956, 0.0140891 ],\n",
      "       [0.33723248, 0.17462216, 0.30758116, 0.0008498 , 0.1797144 ],\n",
      "       [0.25517841, 0.08090359, 0.33430256, 0.31879704, 0.01081839],\n",
      "       [0.01209513, 0.25734842, 0.44640374, 0.18119699, 0.10295572]]), array([[0.331866  , 0.3290172 , 0.01963055, 0.02946142, 0.29002483],\n",
      "       [0.25147759, 0.22884383, 0.10528882, 0.20704836, 0.20734139],\n",
      "       [0.25415599, 0.06925959, 0.18832848, 0.1720884 , 0.31616755],\n",
      "       [0.31073672, 0.29654828, 0.16997634, 0.13895236, 0.0837863 ],\n",
      "       [0.02928431, 0.02237213, 0.37896595, 0.25960214, 0.30977547]]), array([[0.09991002, 0.22849595, 0.15532657, 0.25355728, 0.26271018],\n",
      "       [0.04647928, 0.00933999, 0.59401251, 0.18395847, 0.16620975],\n",
      "       [0.29131237, 0.13759282, 0.24473744, 0.13937458, 0.18698279],\n",
      "       [0.05161711, 0.21757037, 0.29748408, 0.17929719, 0.25403124],\n",
      "       [0.28139149, 0.02683586, 0.31777762, 0.24773243, 0.1262626 ]]), array([[0.24671616, 0.10782857, 0.41395789, 0.16197616, 0.06952121],\n",
      "       [0.12924992, 0.29543891, 0.2576213 , 0.24626348, 0.07142639],\n",
      "       [0.41074202, 0.21175596, 0.13214686, 0.08126619, 0.16408897],\n",
      "       [0.26075162, 0.23304358, 0.22678321, 0.22503887, 0.05438272],\n",
      "       [0.09104078, 0.18421932, 0.21504688, 0.25111462, 0.2585784 ]]), array([[0.16211979, 0.19306152, 0.20696141, 0.24528725, 0.19257003],\n",
      "       [0.30649316, 0.00963858, 0.15472871, 0.3134821 , 0.21565745],\n",
      "       [0.39625988, 0.04979349, 0.2063194 , 0.10845473, 0.23917249],\n",
      "       [0.28702615, 0.00655836, 0.10838588, 0.13976823, 0.45826138],\n",
      "       [0.30892262, 0.06439038, 0.32159926, 0.05598403, 0.24910371]]), array([[3.35819264e-01, 3.47931495e-01, 2.05314184e-01, 1.10743848e-01,\n",
      "        1.91210003e-04],\n",
      "       [2.18312231e-01, 1.54887418e-01, 2.50232113e-01, 1.22907652e-01,\n",
      "        2.53660587e-01],\n",
      "       [9.89201340e-02, 2.90891617e-01, 2.64741023e-01, 1.50179172e-01,\n",
      "        1.95268054e-01],\n",
      "       [2.72897448e-01, 7.72156668e-02, 2.21508364e-01, 3.22140220e-01,\n",
      "        1.06238301e-01],\n",
      "       [2.90857917e-01, 2.48253601e-01, 3.05671897e-01, 1.21497263e-01,\n",
      "        3.37193219e-02]]), array([[0.1867618 , 0.08699819, 0.37540887, 0.04177567, 0.30905547],\n",
      "       [0.26078447, 0.04136089, 0.36186866, 0.02673935, 0.30924662],\n",
      "       [0.04548644, 0.05906788, 0.27642616, 0.53840572, 0.08061379],\n",
      "       [0.08052876, 0.22633333, 0.34186605, 0.20817774, 0.14309413],\n",
      "       [0.42167739, 0.02012063, 0.37080138, 0.12509198, 0.06230862]]), array([[0.10768166, 0.45707476, 0.06000516, 0.33477678, 0.04046164],\n",
      "       [0.0967712 , 0.39074717, 0.0818929 , 0.25102703, 0.1795617 ],\n",
      "       [0.21992099, 0.24023238, 0.09329634, 0.40308097, 0.04346932],\n",
      "       [0.127922  , 0.01092021, 0.14572123, 0.22268562, 0.49275094],\n",
      "       [0.20991475, 0.06297902, 0.14306621, 0.54910437, 0.03493565]]), array([[0.25056469, 0.20202441, 0.07497307, 0.46895539, 0.00348244],\n",
      "       [0.18952774, 0.33862063, 0.03046373, 0.2089367 , 0.23245119],\n",
      "       [0.01777704, 0.1647566 , 0.30579695, 0.19648965, 0.31517975],\n",
      "       [0.08116718, 0.12292649, 0.05730122, 0.26147347, 0.47713164],\n",
      "       [0.22743187, 0.29822394, 0.14778693, 0.28739439, 0.03916286]])]\n"
     ]
    }
   ],
   "source": [
    "import numpy as np\n",
    "import random\n",
    "\n",
    "# Make some non random Xk\n",
    "\n",
    "list_Xk = []\n",
    "nbXk = 10\n",
    "for n in range(nbXk):\n",
    "    random.seed(n)\n",
    "    res = []\n",
    "    for i in range(5):\n",
    "        r = [random.random() for _ in range(5)]\n",
    "        s = sum(r)\n",
    "        res.append([ k/s for k in r ])\n",
    "    res = np.array(res) \n",
    "    list_Xk.append(res)\n",
    "    \n",
    "print(list_Xk)\n"
   ]
  },
  {
   "cell_type": "markdown",
   "id": "740f7e22",
   "metadata": {},
   "source": [
    "# Generate data"
   ]
  },
  {
   "cell_type": "code",
   "execution_count": 3,
   "id": "e22f3636",
   "metadata": {},
   "outputs": [
    {
     "name": "stdout",
     "output_type": "stream",
     "text": [
      "Using default condition 0\n",
      "__________________________________________________\n",
      "\n",
      "Condition_0\n",
      "------------------------------\n",
      "Propotion of state H: 0.1\n",
      "Propotion of state MH: 0.0\n",
      "Propotion of state M: 0.8\n",
      "Propotion of state LM: 0.0\n",
      "Propotion of state L: 0.092\n",
      "\n",
      "\n",
      "Displaying the transition matrix\n",
      "           H        MH         M        LM         L\n",
      "H   0.302320  0.271363  0.150573  0.092697  0.183047\n",
      "MH  0.158672  0.307128  0.118852  0.186753  0.228596\n",
      "M   0.295917  0.164457  0.091839  0.246286  0.201501\n",
      "LM  0.064975  0.235965  0.254910  0.210150  0.233999\n",
      "L   0.100211  0.235814  0.290421  0.221000  0.152553\n",
      "\n",
      "No error rate was given, default value = 0.05\n",
      "\n",
      "\n",
      "Displaying the noise transition matrix\n",
      "         H      MH       M      LM       L\n",
      "H   0.9500  0.0125  0.0125  0.0125  0.0125\n",
      "MH  0.0125  0.9500  0.0125  0.0125  0.0125\n",
      "M   0.0125  0.0125  0.9500  0.0125  0.0125\n",
      "LM  0.0125  0.0125  0.0125  0.9500  0.0125\n",
      "L   0.0125  0.0125  0.0125  0.0125  0.9500\n",
      "\n",
      "No error rate was given, default value = 0.05\n",
      "\n",
      "\n",
      "Displaying the noise transition matrix\n",
      "         H      MH       M      LM       L\n",
      "H   0.9500  0.0125  0.0125  0.0125  0.0125\n",
      "MH  0.0125  0.9500  0.0125  0.0125  0.0125\n",
      "M   0.0125  0.0125  0.9500  0.0125  0.0125\n",
      "LM  0.0125  0.0125  0.0125  0.9500  0.0125\n",
      "L   0.0125  0.0125  0.0125  0.0125  0.9500\n",
      "\n",
      "No error rate was given, default value = 0.05\n",
      "\n",
      "\n",
      "Displaying the noise transition matrix\n",
      "         H      MH       M      LM       L\n",
      "H   0.9500  0.0125  0.0125  0.0125  0.0125\n",
      "MH  0.0125  0.9500  0.0125  0.0125  0.0125\n",
      "M   0.0125  0.0125  0.9500  0.0125  0.0125\n",
      "LM  0.0125  0.0125  0.0125  0.9500  0.0125\n",
      "L   0.0125  0.0125  0.0125  0.0125  0.9500\n",
      "\n",
      "No error rate was given, default value = 0.05\n",
      "\n",
      "\n",
      "Displaying the noise transition matrix\n",
      "         H      MH       M      LM       L\n",
      "H   0.9500  0.0125  0.0125  0.0125  0.0125\n",
      "MH  0.0125  0.9500  0.0125  0.0125  0.0125\n",
      "M   0.0125  0.0125  0.9500  0.0125  0.0125\n",
      "LM  0.0125  0.0125  0.0125  0.9500  0.0125\n",
      "L   0.0125  0.0125  0.0125  0.0125  0.9500\n",
      "\n",
      "No error rate was given, default value = 0.05\n",
      "\n",
      "\n",
      "Displaying the noise transition matrix\n",
      "         H      MH       M      LM       L\n",
      "H   0.9500  0.0125  0.0125  0.0125  0.0125\n",
      "MH  0.0125  0.9500  0.0125  0.0125  0.0125\n",
      "M   0.0125  0.0125  0.9500  0.0125  0.0125\n",
      "LM  0.0125  0.0125  0.0125  0.9500  0.0125\n",
      "L   0.0125  0.0125  0.0125  0.0125  0.9500\n",
      "\n",
      "No error rate was given, default value = 0.05\n",
      "\n",
      "\n",
      "Displaying the noise transition matrix\n",
      "         H      MH       M      LM       L\n",
      "H   0.9500  0.0125  0.0125  0.0125  0.0125\n",
      "MH  0.0125  0.9500  0.0125  0.0125  0.0125\n",
      "M   0.0125  0.0125  0.9500  0.0125  0.0125\n",
      "LM  0.0125  0.0125  0.0125  0.9500  0.0125\n",
      "L   0.0125  0.0125  0.0125  0.0125  0.9500\n",
      "\n",
      "No error rate was given, default value = 0.05\n",
      "\n",
      "\n",
      "Displaying the noise transition matrix\n",
      "         H      MH       M      LM       L\n",
      "H   0.9500  0.0125  0.0125  0.0125  0.0125\n",
      "MH  0.0125  0.9500  0.0125  0.0125  0.0125\n",
      "M   0.0125  0.0125  0.9500  0.0125  0.0125\n",
      "LM  0.0125  0.0125  0.0125  0.9500  0.0125\n",
      "L   0.0125  0.0125  0.0125  0.0125  0.9500\n",
      "\n",
      "No error rate was given, default value = 0.05\n",
      "\n",
      "\n",
      "Displaying the noise transition matrix\n",
      "         H      MH       M      LM       L\n",
      "H   0.9500  0.0125  0.0125  0.0125  0.0125\n",
      "MH  0.0125  0.9500  0.0125  0.0125  0.0125\n",
      "M   0.0125  0.0125  0.9500  0.0125  0.0125\n",
      "LM  0.0125  0.0125  0.0125  0.9500  0.0125\n",
      "L   0.0125  0.0125  0.0125  0.0125  0.9500\n",
      "\n",
      "No error rate was given, default value = 0.05\n",
      "\n",
      "\n",
      "Displaying the noise transition matrix\n",
      "         H      MH       M      LM       L\n",
      "H   0.9500  0.0125  0.0125  0.0125  0.0125\n",
      "MH  0.0125  0.9500  0.0125  0.0125  0.0125\n",
      "M   0.0125  0.0125  0.9500  0.0125  0.0125\n",
      "LM  0.0125  0.0125  0.0125  0.9500  0.0125\n",
      "L   0.0125  0.0125  0.0125  0.0125  0.9500\n",
      "\n",
      "No error rate was given, default value = 0.05\n",
      "\n",
      "\n",
      "Displaying the noise transition matrix\n",
      "         H      MH       M      LM       L\n",
      "H   0.9500  0.0125  0.0125  0.0125  0.0125\n",
      "MH  0.0125  0.9500  0.0125  0.0125  0.0125\n",
      "M   0.0125  0.0125  0.9500  0.0125  0.0125\n",
      "LM  0.0125  0.0125  0.0125  0.9500  0.0125\n",
      "L   0.0125  0.0125  0.0125  0.0125  0.9500\n",
      "\n",
      "Condition_1\n",
      "------------------------------\n",
      "Propotion of state H: 0.199\n",
      "Propotion of state MH: 0.122\n",
      "Propotion of state M: 0.146\n",
      "Propotion of state LM: 0.206\n",
      "Propotion of state L: 0.285\n",
      "\n",
      "\n",
      "Condition_1prime1\n",
      "------------------------------\n",
      "Propotion of state H: 0.2\n",
      "Propotion of state MH: 0.132\n",
      "Propotion of state M: 0.155\n",
      "Propotion of state LM: 0.196\n",
      "Propotion of state L: 0.274\n",
      "\n",
      "\n",
      "Condition_1prime2\n",
      "------------------------------\n",
      "Propotion of state H: 0.202\n",
      "Propotion of state MH: 0.12\n",
      "Propotion of state M: 0.151\n",
      "Propotion of state LM: 0.207\n",
      "Propotion of state L: 0.28\n",
      "\n",
      "\n",
      "Condition_1prime3\n",
      "------------------------------\n",
      "Propotion of state H: 0.196\n",
      "Propotion of state MH: 0.121\n",
      "Propotion of state M: 0.151\n",
      "Propotion of state LM: 0.203\n",
      "Propotion of state L: 0.288\n",
      "\n",
      "\n",
      "Condition_1prime4\n",
      "------------------------------\n",
      "Propotion of state H: 0.194\n",
      "Propotion of state MH: 0.124\n",
      "Propotion of state M: 0.149\n",
      "Propotion of state LM: 0.209\n",
      "Propotion of state L: 0.285\n",
      "\n",
      "\n",
      "Condition_1prime5\n",
      "------------------------------\n",
      "Propotion of state H: 0.201\n",
      "Propotion of state MH: 0.121\n",
      "Propotion of state M: 0.15\n",
      "Propotion of state LM: 0.205\n",
      "Propotion of state L: 0.282\n",
      "\n",
      "\n",
      "Condition_1prime6\n",
      "------------------------------\n",
      "Propotion of state H: 0.199\n",
      "Propotion of state MH: 0.131\n",
      "Propotion of state M: 0.148\n",
      "Propotion of state LM: 0.207\n",
      "Propotion of state L: 0.274\n",
      "\n",
      "\n",
      "Condition_1prime7\n",
      "------------------------------\n",
      "Propotion of state H: 0.2\n",
      "Propotion of state MH: 0.125\n",
      "Propotion of state M: 0.147\n",
      "Propotion of state LM: 0.207\n",
      "Propotion of state L: 0.279\n",
      "\n",
      "\n",
      "Condition_1prime8\n",
      "------------------------------\n",
      "Propotion of state H: 0.206\n",
      "Propotion of state MH: 0.12\n",
      "Propotion of state M: 0.149\n",
      "Propotion of state LM: 0.209\n",
      "Propotion of state L: 0.272\n",
      "\n",
      "\n",
      "Condition_1prime9\n",
      "------------------------------\n",
      "Propotion of state H: 0.2\n",
      "Propotion of state MH: 0.126\n",
      "Propotion of state M: 0.145\n",
      "Propotion of state LM: 0.209\n",
      "Propotion of state L: 0.278\n",
      "\n",
      "\n",
      "Condition_1prime10\n",
      "------------------------------\n",
      "Propotion of state H: 0.198\n",
      "Propotion of state MH: 0.132\n",
      "Propotion of state M: 0.142\n",
      "Propotion of state LM: 0.198\n",
      "Propotion of state L: 0.285\n",
      "\n"
     ]
    }
   ],
   "source": [
    "from generatedata import generatelist\n",
    "\n",
    "# Test with a given dictionary of sample\n",
    "n = 1000\n",
    "dk = generatelist(n, Xk='Condition_1', nb_replicates=10, mk=list_Xk[0]) "
   ]
  },
  {
   "cell_type": "code",
   "execution_count": null,
   "id": "21acb6a5",
   "metadata": {},
   "outputs": [],
   "source": [
    "dk"
   ]
  },
  {
   "cell_type": "code",
   "execution_count": null,
   "id": "ea6c7990",
   "metadata": {},
   "outputs": [],
   "source": []
  },
  {
   "cell_type": "code",
   "execution_count": null,
   "id": "bba42d0a",
   "metadata": {},
   "outputs": [],
   "source": [
    "np.all(None) == None"
   ]
  },
  {
   "cell_type": "code",
   "execution_count": 5,
   "id": "4d200b5a",
   "metadata": {},
   "outputs": [
    {
     "name": "stdout",
     "output_type": "stream",
     "text": [
      "Using default condition 0\n",
      "__________________________________________________\n",
      "\n",
      "Condition_0\n",
      "------------------------------\n",
      "Propotion of state H: 0.1\n",
      "Propotion of state MH: 0.0\n",
      "Propotion of state M: 0.8\n",
      "Propotion of state LM: 0.0\n",
      "Propotion of state L: 0.092\n",
      "\n",
      "\n",
      "Displaying the transition matrix\n",
      "       H    MH     M    LM     L\n",
      "H   0.10  0.20  0.10  0.10  0.50\n",
      "MH  0.10  0.30  0.10  0.05  0.45\n",
      "M   0.25  0.02  0.05  0.65  0.03\n",
      "LM  0.40  0.20  0.15  0.15  0.10\n",
      "L   0.35  0.20  0.15  0.15  0.15\n",
      "\n",
      "No error rate was given, default value = 0.05\n",
      "\n",
      "\n",
      "Displaying the noise transition matrix\n",
      "         H      MH       M      LM       L\n",
      "H   0.9500  0.0125  0.0125  0.0125  0.0125\n",
      "MH  0.0125  0.9500  0.0125  0.0125  0.0125\n",
      "M   0.0125  0.0125  0.9500  0.0125  0.0125\n",
      "LM  0.0125  0.0125  0.0125  0.9500  0.0125\n",
      "L   0.0125  0.0125  0.0125  0.0125  0.9500\n",
      "\n",
      "Condition_1\n",
      "------------------------------\n",
      "Propotion of state H: 0.203\n",
      "Propotion of state MH: 0.173\n",
      "Propotion of state M: 0.095\n",
      "Propotion of state LM: 0.221\n",
      "Propotion of state L: 0.26\n",
      "\n",
      "\n",
      "Condition_1prime1\n",
      "------------------------------\n",
      "Propotion of state H: 0.204\n",
      "Propotion of state MH: 0.179\n",
      "Propotion of state M: 0.101\n",
      "Propotion of state LM: 0.208\n",
      "Propotion of state L: 0.257\n",
      "\n",
      "Using default condition 0\n",
      "__________________________________________________\n",
      "\n",
      "Condition_0\n",
      "------------------------------\n",
      "Propotion of state H: 0.1\n",
      "Propotion of state MH: 0.0\n",
      "Propotion of state M: 0.8\n",
      "Propotion of state LM: 0.0\n",
      "Propotion of state L: 0.096\n",
      "\n",
      "\n",
      "Displaying the transition matrix\n",
      "           H        MH         M        LM         L\n",
      "H   0.302320  0.271363  0.150573  0.092697  0.183047\n",
      "MH  0.158672  0.307128  0.118852  0.186753  0.228596\n",
      "M   0.295917  0.164457  0.091839  0.246286  0.201501\n",
      "LM  0.064975  0.235965  0.254910  0.210150  0.233999\n",
      "L   0.100211  0.235814  0.290421  0.221000  0.152553\n",
      "\n",
      "No error rate was given, default value = 0.05\n",
      "\n",
      "\n",
      "Displaying the noise transition matrix\n",
      "         H      MH       M      LM       L\n",
      "H   0.9500  0.0125  0.0125  0.0125  0.0125\n",
      "MH  0.0125  0.9500  0.0125  0.0125  0.0125\n",
      "M   0.0125  0.0125  0.9500  0.0125  0.0125\n",
      "LM  0.0125  0.0125  0.0125  0.9500  0.0125\n",
      "L   0.0125  0.0125  0.0125  0.0125  0.9500\n",
      "\n",
      "No error rate was given, default value = 0.05\n",
      "\n",
      "\n",
      "Displaying the noise transition matrix\n",
      "         H      MH       M      LM       L\n",
      "H   0.9500  0.0125  0.0125  0.0125  0.0125\n",
      "MH  0.0125  0.9500  0.0125  0.0125  0.0125\n",
      "M   0.0125  0.0125  0.9500  0.0125  0.0125\n",
      "LM  0.0125  0.0125  0.0125  0.9500  0.0125\n",
      "L   0.0125  0.0125  0.0125  0.0125  0.9500\n",
      "\n",
      "No error rate was given, default value = 0.05\n",
      "\n",
      "\n",
      "Displaying the noise transition matrix\n",
      "         H      MH       M      LM       L\n",
      "H   0.9500  0.0125  0.0125  0.0125  0.0125\n",
      "MH  0.0125  0.9500  0.0125  0.0125  0.0125\n",
      "M   0.0125  0.0125  0.9500  0.0125  0.0125\n",
      "LM  0.0125  0.0125  0.0125  0.9500  0.0125\n",
      "L   0.0125  0.0125  0.0125  0.0125  0.9500\n",
      "\n",
      "No error rate was given, default value = 0.05\n",
      "\n",
      "\n",
      "Displaying the noise transition matrix\n",
      "         H      MH       M      LM       L\n",
      "H   0.9500  0.0125  0.0125  0.0125  0.0125\n",
      "MH  0.0125  0.9500  0.0125  0.0125  0.0125\n",
      "M   0.0125  0.0125  0.9500  0.0125  0.0125\n",
      "LM  0.0125  0.0125  0.0125  0.9500  0.0125\n",
      "L   0.0125  0.0125  0.0125  0.0125  0.9500\n",
      "\n",
      "No error rate was given, default value = 0.05\n",
      "\n",
      "\n",
      "Displaying the noise transition matrix\n",
      "         H      MH       M      LM       L\n",
      "H   0.9500  0.0125  0.0125  0.0125  0.0125\n",
      "MH  0.0125  0.9500  0.0125  0.0125  0.0125\n",
      "M   0.0125  0.0125  0.9500  0.0125  0.0125\n",
      "LM  0.0125  0.0125  0.0125  0.9500  0.0125\n",
      "L   0.0125  0.0125  0.0125  0.0125  0.9500\n",
      "\n",
      "No error rate was given, default value = 0.05\n",
      "\n",
      "\n",
      "Displaying the noise transition matrix\n",
      "         H      MH       M      LM       L\n",
      "H   0.9500  0.0125  0.0125  0.0125  0.0125\n",
      "MH  0.0125  0.9500  0.0125  0.0125  0.0125\n",
      "M   0.0125  0.0125  0.9500  0.0125  0.0125\n",
      "LM  0.0125  0.0125  0.0125  0.9500  0.0125\n",
      "L   0.0125  0.0125  0.0125  0.0125  0.9500\n",
      "\n",
      "No error rate was given, default value = 0.05\n",
      "\n",
      "\n",
      "Displaying the noise transition matrix\n",
      "         H      MH       M      LM       L\n",
      "H   0.9500  0.0125  0.0125  0.0125  0.0125\n",
      "MH  0.0125  0.9500  0.0125  0.0125  0.0125\n",
      "M   0.0125  0.0125  0.9500  0.0125  0.0125\n",
      "LM  0.0125  0.0125  0.0125  0.9500  0.0125\n",
      "L   0.0125  0.0125  0.0125  0.0125  0.9500\n",
      "\n",
      "No error rate was given, default value = 0.05\n",
      "\n",
      "\n",
      "Displaying the noise transition matrix\n",
      "         H      MH       M      LM       L\n",
      "H   0.9500  0.0125  0.0125  0.0125  0.0125\n",
      "MH  0.0125  0.9500  0.0125  0.0125  0.0125\n",
      "M   0.0125  0.0125  0.9500  0.0125  0.0125\n",
      "LM  0.0125  0.0125  0.0125  0.9500  0.0125\n",
      "L   0.0125  0.0125  0.0125  0.0125  0.9500\n",
      "\n",
      "No error rate was given, default value = 0.05\n",
      "\n",
      "\n",
      "Displaying the noise transition matrix\n",
      "         H      MH       M      LM       L\n",
      "H   0.9500  0.0125  0.0125  0.0125  0.0125\n",
      "MH  0.0125  0.9500  0.0125  0.0125  0.0125\n",
      "M   0.0125  0.0125  0.9500  0.0125  0.0125\n",
      "LM  0.0125  0.0125  0.0125  0.9500  0.0125\n",
      "L   0.0125  0.0125  0.0125  0.0125  0.9500\n",
      "\n",
      "No error rate was given, default value = 0.05\n",
      "\n",
      "\n",
      "Displaying the noise transition matrix\n",
      "         H      MH       M      LM       L\n",
      "H   0.9500  0.0125  0.0125  0.0125  0.0125\n",
      "MH  0.0125  0.9500  0.0125  0.0125  0.0125\n",
      "M   0.0125  0.0125  0.9500  0.0125  0.0125\n",
      "LM  0.0125  0.0125  0.0125  0.9500  0.0125\n",
      "L   0.0125  0.0125  0.0125  0.0125  0.9500\n",
      "\n",
      "Condition_2\n",
      "------------------------------\n",
      "Propotion of state H: 0.174\n",
      "Propotion of state MH: 0.122\n",
      "Propotion of state M: 0.143\n",
      "Propotion of state LM: 0.232\n",
      "Propotion of state L: 0.292\n",
      "\n",
      "\n",
      "Condition_2prime1\n",
      "------------------------------\n",
      "Propotion of state H: 0.177\n",
      "Propotion of state MH: 0.124\n",
      "Propotion of state M: 0.145\n",
      "Propotion of state LM: 0.229\n",
      "Propotion of state L: 0.29\n",
      "\n",
      "\n",
      "Condition_2prime2\n",
      "------------------------------\n",
      "Propotion of state H: 0.176\n",
      "Propotion of state MH: 0.125\n",
      "Propotion of state M: 0.145\n",
      "Propotion of state LM: 0.227\n",
      "Propotion of state L: 0.289\n",
      "\n",
      "\n",
      "Condition_2prime3\n",
      "------------------------------\n",
      "Propotion of state H: 0.174\n",
      "Propotion of state MH: 0.132\n",
      "Propotion of state M: 0.143\n",
      "Propotion of state LM: 0.224\n",
      "Propotion of state L: 0.287\n",
      "\n",
      "\n",
      "Condition_2prime4\n",
      "------------------------------\n",
      "Propotion of state H: 0.184\n",
      "Propotion of state MH: 0.122\n",
      "Propotion of state M: 0.15\n",
      "Propotion of state LM: 0.233\n",
      "Propotion of state L: 0.279\n",
      "\n",
      "\n",
      "Condition_2prime5\n",
      "------------------------------\n",
      "Propotion of state H: 0.175\n",
      "Propotion of state MH: 0.119\n",
      "Propotion of state M: 0.15\n",
      "Propotion of state LM: 0.235\n",
      "Propotion of state L: 0.285\n",
      "\n",
      "\n",
      "Condition_2prime6\n",
      "------------------------------\n",
      "Propotion of state H: 0.178\n",
      "Propotion of state MH: 0.122\n",
      "Propotion of state M: 0.145\n",
      "Propotion of state LM: 0.23\n",
      "Propotion of state L: 0.286\n",
      "\n",
      "\n",
      "Condition_2prime7\n",
      "------------------------------\n",
      "Propotion of state H: 0.18\n",
      "Propotion of state MH: 0.122\n",
      "Propotion of state M: 0.15\n",
      "Propotion of state LM: 0.231\n",
      "Propotion of state L: 0.282\n",
      "\n",
      "\n",
      "Condition_2prime8\n",
      "------------------------------\n",
      "Propotion of state H: 0.181\n",
      "Propotion of state MH: 0.129\n",
      "Propotion of state M: 0.144\n",
      "Propotion of state LM: 0.231\n",
      "Propotion of state L: 0.279\n",
      "\n",
      "\n",
      "Condition_2prime9\n",
      "------------------------------\n",
      "Propotion of state H: 0.173\n",
      "Propotion of state MH: 0.126\n",
      "Propotion of state M: 0.146\n",
      "Propotion of state LM: 0.229\n",
      "Propotion of state L: 0.29\n",
      "\n",
      "\n",
      "Condition_2prime10\n",
      "------------------------------\n",
      "Propotion of state H: 0.178\n",
      "Propotion of state MH: 0.121\n",
      "Propotion of state M: 0.15\n",
      "Propotion of state LM: 0.226\n",
      "Propotion of state L: 0.291\n",
      "\n",
      "Using default condition 0\n",
      "__________________________________________________\n",
      "\n",
      "Condition_0\n",
      "------------------------------\n",
      "Propotion of state H: 0.1\n",
      "Propotion of state MH: 0.0\n",
      "Propotion of state M: 0.8\n",
      "Propotion of state LM: 0.0\n",
      "Propotion of state L: 0.09\n",
      "\n",
      "\n",
      "Displaying the transition matrix\n",
      "           H        MH         M        LM         L\n",
      "H   0.053830  0.339506  0.305990  0.102188  0.198486\n",
      "MH  0.223403  0.323851  0.392007  0.046650  0.014089\n",
      "M   0.337232  0.174622  0.307581  0.000850  0.179714\n",
      "LM  0.255178  0.080904  0.334303  0.318797  0.010818\n",
      "L   0.012095  0.257348  0.446404  0.181197  0.102956\n",
      "\n",
      "No error rate was given, default value = 0.05\n",
      "\n",
      "\n",
      "Displaying the noise transition matrix\n",
      "         H      MH       M      LM       L\n",
      "H   0.9500  0.0125  0.0125  0.0125  0.0125\n",
      "MH  0.0125  0.9500  0.0125  0.0125  0.0125\n",
      "M   0.0125  0.0125  0.9500  0.0125  0.0125\n",
      "LM  0.0125  0.0125  0.0125  0.9500  0.0125\n",
      "L   0.0125  0.0125  0.0125  0.0125  0.9500\n",
      "\n",
      "No error rate was given, default value = 0.05\n",
      "\n",
      "\n",
      "Displaying the noise transition matrix\n",
      "         H      MH       M      LM       L\n",
      "H   0.9500  0.0125  0.0125  0.0125  0.0125\n",
      "MH  0.0125  0.9500  0.0125  0.0125  0.0125\n",
      "M   0.0125  0.0125  0.9500  0.0125  0.0125\n",
      "LM  0.0125  0.0125  0.0125  0.9500  0.0125\n",
      "L   0.0125  0.0125  0.0125  0.0125  0.9500\n",
      "\n",
      "No error rate was given, default value = 0.05\n",
      "\n",
      "\n",
      "Displaying the noise transition matrix\n",
      "         H      MH       M      LM       L\n",
      "H   0.9500  0.0125  0.0125  0.0125  0.0125\n",
      "MH  0.0125  0.9500  0.0125  0.0125  0.0125\n",
      "M   0.0125  0.0125  0.9500  0.0125  0.0125\n",
      "LM  0.0125  0.0125  0.0125  0.9500  0.0125\n",
      "L   0.0125  0.0125  0.0125  0.0125  0.9500\n",
      "\n",
      "No error rate was given, default value = 0.05\n",
      "\n",
      "\n",
      "Displaying the noise transition matrix\n",
      "         H      MH       M      LM       L\n",
      "H   0.9500  0.0125  0.0125  0.0125  0.0125\n",
      "MH  0.0125  0.9500  0.0125  0.0125  0.0125\n",
      "M   0.0125  0.0125  0.9500  0.0125  0.0125\n",
      "LM  0.0125  0.0125  0.0125  0.9500  0.0125\n",
      "L   0.0125  0.0125  0.0125  0.0125  0.9500\n",
      "\n",
      "No error rate was given, default value = 0.05\n",
      "\n",
      "\n",
      "Displaying the noise transition matrix\n"
     ]
    },
    {
     "name": "stdout",
     "output_type": "stream",
     "text": [
      "         H      MH       M      LM       L\n",
      "H   0.9500  0.0125  0.0125  0.0125  0.0125\n",
      "MH  0.0125  0.9500  0.0125  0.0125  0.0125\n",
      "M   0.0125  0.0125  0.9500  0.0125  0.0125\n",
      "LM  0.0125  0.0125  0.0125  0.9500  0.0125\n",
      "L   0.0125  0.0125  0.0125  0.0125  0.9500\n",
      "\n",
      "No error rate was given, default value = 0.05\n",
      "\n",
      "\n",
      "Displaying the noise transition matrix\n",
      "         H      MH       M      LM       L\n",
      "H   0.9500  0.0125  0.0125  0.0125  0.0125\n",
      "MH  0.0125  0.9500  0.0125  0.0125  0.0125\n",
      "M   0.0125  0.0125  0.9500  0.0125  0.0125\n",
      "LM  0.0125  0.0125  0.0125  0.9500  0.0125\n",
      "L   0.0125  0.0125  0.0125  0.0125  0.9500\n",
      "\n",
      "No error rate was given, default value = 0.05\n",
      "\n",
      "\n",
      "Displaying the noise transition matrix\n",
      "         H      MH       M      LM       L\n",
      "H   0.9500  0.0125  0.0125  0.0125  0.0125\n",
      "MH  0.0125  0.9500  0.0125  0.0125  0.0125\n",
      "M   0.0125  0.0125  0.9500  0.0125  0.0125\n",
      "LM  0.0125  0.0125  0.0125  0.9500  0.0125\n",
      "L   0.0125  0.0125  0.0125  0.0125  0.9500\n",
      "\n",
      "No error rate was given, default value = 0.05\n",
      "\n",
      "\n",
      "Displaying the noise transition matrix\n",
      "         H      MH       M      LM       L\n",
      "H   0.9500  0.0125  0.0125  0.0125  0.0125\n",
      "MH  0.0125  0.9500  0.0125  0.0125  0.0125\n",
      "M   0.0125  0.0125  0.9500  0.0125  0.0125\n",
      "LM  0.0125  0.0125  0.0125  0.9500  0.0125\n",
      "L   0.0125  0.0125  0.0125  0.0125  0.9500\n",
      "\n",
      "No error rate was given, default value = 0.05\n",
      "\n",
      "\n",
      "Displaying the noise transition matrix\n",
      "         H      MH       M      LM       L\n",
      "H   0.9500  0.0125  0.0125  0.0125  0.0125\n",
      "MH  0.0125  0.9500  0.0125  0.0125  0.0125\n",
      "M   0.0125  0.0125  0.9500  0.0125  0.0125\n",
      "LM  0.0125  0.0125  0.0125  0.9500  0.0125\n",
      "L   0.0125  0.0125  0.0125  0.0125  0.9500\n",
      "\n",
      "No error rate was given, default value = 0.05\n",
      "\n",
      "\n",
      "Displaying the noise transition matrix\n",
      "         H      MH       M      LM       L\n",
      "H   0.9500  0.0125  0.0125  0.0125  0.0125\n",
      "MH  0.0125  0.9500  0.0125  0.0125  0.0125\n",
      "M   0.0125  0.0125  0.9500  0.0125  0.0125\n",
      "LM  0.0125  0.0125  0.0125  0.9500  0.0125\n",
      "L   0.0125  0.0125  0.0125  0.0125  0.9500\n",
      "\n",
      "Condition_3\n",
      "------------------------------\n",
      "Propotion of state H: 0.166\n",
      "Propotion of state MH: 0.193\n",
      "Propotion of state M: 0.21\n",
      "Propotion of state LM: 0.154\n",
      "Propotion of state L: 0.225\n",
      "\n",
      "\n",
      "Condition_3prime1\n",
      "------------------------------\n",
      "Propotion of state H: 0.17\n",
      "Propotion of state MH: 0.192\n",
      "Propotion of state M: 0.204\n",
      "Propotion of state LM: 0.152\n",
      "Propotion of state L: 0.229\n",
      "\n",
      "\n",
      "Condition_3prime2\n",
      "------------------------------\n",
      "Propotion of state H: 0.178\n",
      "Propotion of state MH: 0.186\n",
      "Propotion of state M: 0.205\n",
      "Propotion of state LM: 0.158\n",
      "Propotion of state L: 0.219\n",
      "\n",
      "\n",
      "Condition_3prime3\n",
      "------------------------------\n",
      "Propotion of state H: 0.164\n",
      "Propotion of state MH: 0.191\n",
      "Propotion of state M: 0.21\n",
      "Propotion of state LM: 0.153\n",
      "Propotion of state L: 0.229\n",
      "\n",
      "\n",
      "Condition_3prime4\n",
      "------------------------------\n",
      "Propotion of state H: 0.161\n",
      "Propotion of state MH: 0.194\n",
      "Propotion of state M: 0.21\n",
      "Propotion of state LM: 0.158\n",
      "Propotion of state L: 0.225\n",
      "\n",
      "\n",
      "Condition_3prime5\n",
      "------------------------------\n",
      "Propotion of state H: 0.168\n",
      "Propotion of state MH: 0.195\n",
      "Propotion of state M: 0.21\n",
      "Propotion of state LM: 0.161\n",
      "Propotion of state L: 0.217\n",
      "\n",
      "\n",
      "Condition_3prime6\n",
      "------------------------------\n",
      "Propotion of state H: 0.165\n",
      "Propotion of state MH: 0.198\n",
      "Propotion of state M: 0.201\n",
      "Propotion of state LM: 0.156\n",
      "Propotion of state L: 0.226\n",
      "\n",
      "\n",
      "Condition_3prime7\n",
      "------------------------------\n",
      "Propotion of state H: 0.158\n",
      "Propotion of state MH: 0.191\n",
      "Propotion of state M: 0.206\n",
      "Propotion of state LM: 0.16\n",
      "Propotion of state L: 0.234\n",
      "\n",
      "\n",
      "Condition_3prime8\n",
      "------------------------------\n",
      "Propotion of state H: 0.181\n",
      "Propotion of state MH: 0.193\n",
      "Propotion of state M: 0.203\n",
      "Propotion of state LM: 0.155\n",
      "Propotion of state L: 0.219\n",
      "\n",
      "\n",
      "Condition_3prime9\n",
      "------------------------------\n",
      "Propotion of state H: 0.165\n",
      "Propotion of state MH: 0.189\n",
      "Propotion of state M: 0.207\n",
      "Propotion of state LM: 0.163\n",
      "Propotion of state L: 0.22\n",
      "\n",
      "\n",
      "Condition_3prime10\n",
      "------------------------------\n",
      "Propotion of state H: 0.172\n",
      "Propotion of state MH: 0.183\n",
      "Propotion of state M: 0.21\n",
      "Propotion of state LM: 0.162\n",
      "Propotion of state L: 0.223\n",
      "\n",
      "Using default condition 0\n",
      "__________________________________________________\n",
      "\n",
      "Condition_0\n",
      "------------------------------\n",
      "Propotion of state H: 0.1\n",
      "Propotion of state MH: 0.0\n",
      "Propotion of state M: 0.8\n",
      "Propotion of state LM: 0.0\n",
      "Propotion of state L: 0.096\n",
      "\n",
      "\n",
      "Displaying the transition matrix\n",
      "           H        MH         M        LM         L\n",
      "H   0.331866  0.329017  0.019631  0.029461  0.290025\n",
      "MH  0.251478  0.228844  0.105289  0.207048  0.207341\n",
      "M   0.254156  0.069260  0.188328  0.172088  0.316168\n",
      "LM  0.310737  0.296548  0.169976  0.138952  0.083786\n",
      "L   0.029284  0.022372  0.378966  0.259602  0.309775\n",
      "\n",
      "No error rate was given, default value = 0.05\n",
      "\n",
      "\n",
      "Displaying the noise transition matrix\n",
      "         H      MH       M      LM       L\n",
      "H   0.9500  0.0125  0.0125  0.0125  0.0125\n",
      "MH  0.0125  0.9500  0.0125  0.0125  0.0125\n",
      "M   0.0125  0.0125  0.9500  0.0125  0.0125\n",
      "LM  0.0125  0.0125  0.0125  0.9500  0.0125\n",
      "L   0.0125  0.0125  0.0125  0.0125  0.9500\n",
      "\n",
      "No error rate was given, default value = 0.05\n",
      "\n",
      "\n",
      "Displaying the noise transition matrix\n",
      "         H      MH       M      LM       L\n",
      "H   0.9500  0.0125  0.0125  0.0125  0.0125\n",
      "MH  0.0125  0.9500  0.0125  0.0125  0.0125\n",
      "M   0.0125  0.0125  0.9500  0.0125  0.0125\n",
      "LM  0.0125  0.0125  0.0125  0.9500  0.0125\n",
      "L   0.0125  0.0125  0.0125  0.0125  0.9500\n",
      "\n",
      "No error rate was given, default value = 0.05\n",
      "\n",
      "\n",
      "Displaying the noise transition matrix\n",
      "         H      MH       M      LM       L\n",
      "H   0.9500  0.0125  0.0125  0.0125  0.0125\n",
      "MH  0.0125  0.9500  0.0125  0.0125  0.0125\n",
      "M   0.0125  0.0125  0.9500  0.0125  0.0125\n",
      "LM  0.0125  0.0125  0.0125  0.9500  0.0125\n",
      "L   0.0125  0.0125  0.0125  0.0125  0.9500\n",
      "\n",
      "No error rate was given, default value = 0.05\n",
      "\n",
      "\n",
      "Displaying the noise transition matrix\n",
      "         H      MH       M      LM       L\n",
      "H   0.9500  0.0125  0.0125  0.0125  0.0125\n",
      "MH  0.0125  0.9500  0.0125  0.0125  0.0125\n",
      "M   0.0125  0.0125  0.9500  0.0125  0.0125\n",
      "LM  0.0125  0.0125  0.0125  0.9500  0.0125\n",
      "L   0.0125  0.0125  0.0125  0.0125  0.9500\n",
      "\n",
      "No error rate was given, default value = 0.05\n",
      "\n",
      "\n",
      "Displaying the noise transition matrix\n",
      "         H      MH       M      LM       L\n",
      "H   0.9500  0.0125  0.0125  0.0125  0.0125\n",
      "MH  0.0125  0.9500  0.0125  0.0125  0.0125\n",
      "M   0.0125  0.0125  0.9500  0.0125  0.0125\n",
      "LM  0.0125  0.0125  0.0125  0.9500  0.0125\n",
      "L   0.0125  0.0125  0.0125  0.0125  0.9500\n",
      "\n",
      "No error rate was given, default value = 0.05\n",
      "\n",
      "\n",
      "Displaying the noise transition matrix\n",
      "         H      MH       M      LM       L\n",
      "H   0.9500  0.0125  0.0125  0.0125  0.0125\n",
      "MH  0.0125  0.9500  0.0125  0.0125  0.0125\n",
      "M   0.0125  0.0125  0.9500  0.0125  0.0125\n",
      "LM  0.0125  0.0125  0.0125  0.9500  0.0125\n",
      "L   0.0125  0.0125  0.0125  0.0125  0.9500\n",
      "\n",
      "No error rate was given, default value = 0.05\n",
      "\n",
      "\n",
      "Displaying the noise transition matrix\n",
      "         H      MH       M      LM       L\n",
      "H   0.9500  0.0125  0.0125  0.0125  0.0125\n",
      "MH  0.0125  0.9500  0.0125  0.0125  0.0125\n",
      "M   0.0125  0.0125  0.9500  0.0125  0.0125\n",
      "LM  0.0125  0.0125  0.0125  0.9500  0.0125\n",
      "L   0.0125  0.0125  0.0125  0.0125  0.9500\n",
      "\n",
      "No error rate was given, default value = 0.05\n",
      "\n",
      "\n",
      "Displaying the noise transition matrix\n",
      "         H      MH       M      LM       L\n",
      "H   0.9500  0.0125  0.0125  0.0125  0.0125\n",
      "MH  0.0125  0.9500  0.0125  0.0125  0.0125\n",
      "M   0.0125  0.0125  0.9500  0.0125  0.0125\n",
      "LM  0.0125  0.0125  0.0125  0.9500  0.0125\n",
      "L   0.0125  0.0125  0.0125  0.0125  0.9500\n",
      "\n",
      "No error rate was given, default value = 0.05\n",
      "\n",
      "\n",
      "Displaying the noise transition matrix\n",
      "         H      MH       M      LM       L\n",
      "H   0.9500  0.0125  0.0125  0.0125  0.0125\n",
      "MH  0.0125  0.9500  0.0125  0.0125  0.0125\n",
      "M   0.0125  0.0125  0.9500  0.0125  0.0125\n",
      "LM  0.0125  0.0125  0.0125  0.9500  0.0125\n",
      "L   0.0125  0.0125  0.0125  0.0125  0.9500\n",
      "\n",
      "No error rate was given, default value = 0.05\n",
      "\n",
      "\n",
      "Displaying the noise transition matrix\n",
      "         H      MH       M      LM       L\n",
      "H   0.9500  0.0125  0.0125  0.0125  0.0125\n",
      "MH  0.0125  0.9500  0.0125  0.0125  0.0125\n",
      "M   0.0125  0.0125  0.9500  0.0125  0.0125\n",
      "LM  0.0125  0.0125  0.0125  0.9500  0.0125\n",
      "L   0.0125  0.0125  0.0125  0.0125  0.9500\n",
      "\n",
      "Condition_4\n",
